0 19825
20 28486
40 28641
60 28512
80 28113
100 27981
120 28131
140 28061
160 28040
180 28034
200 28046
220 28065
240 28129
260 27946
280 27997
300 28036
320 28059
340 28068
360 28081
380 28087
400 28088
420 28085
440 28107
460 28119
480 28142
500 28154
520 28431
540 28460
560 28486
580 28505
600 28522
628 28520
648 28560
668 28585
688 28601
708 28625
728 28648
748 28423
768 28450
788 28475
808 28477
828 28460
848 28667
868 28567
888 28440
908 28052
928 27940
948 28121
968 28085
988 28077
1245 28145
1265 28435
1285 28444
1305 28472
1325 28498
1345 28525
1365 28542
1385 28566
1405 28591
1425 28623
1445 28645
1465 28668
1485 28422
1505 28425
1525 28448
1545 28474
1565 28496
1585 28516
1605 28531
1625 28515
1645 28476
1665 28634
1685 28520
1705 28121
1725 28012
1745 27948
1765 27913
1785 28157
1805 27918
1825 27943
1845 28008
1873 28036
1893 28102
1913 28149
1933 28434
1953 28464
1973 28466
1993 28477
2013 28490
2033 28498
2053 28506
2073 28505
2093 28524
2113 28535
2133 28570
2153 28598
2173 28610
2193 28633
2213 28651
2233 28430
2501 28419
2521 28054
2541 27963
2561 27911
2581 28131
2601 28126
2621 28131
2641 27913
2661 27957
2681 28012
2701 28068
2721 28120
2741 28142
2761 28155
2781 28427
2801 28433
2821 28451
2841 28464
2861 28471
2881 28493
2901 28508
2921 28533
2941 28567
2961 28580
2981 28614
3001 28646
3021 28671
3041 28428
3061 28453
3081 28468
3101 28489
3117 28492
3137 28533
3157 28553
3177 28571
3197 28583
3217 28566
3237 28507
3257 28670
3277 28537
3297 28144
3317 28040
3337 27954
3357 28147
3377 28109
3397 28094
3417 28108
3437 28155
3457 27955
3477 28024
3497 28076
3517 28118
3537 28144
3557 28422
3577 28428
3597 28449
3617 28466
3637 28481
3657 28498
3677 28517
3697 28529
3717 28560
3741 28578
3761 28628
3781 28651
3801 28418
3821 28436
3841 28464
3861 28474
3881 28494
3901 28512
3921 28531
3941 28545
3961 28578
3981 28593
4001 28603
4021 28606
4041 28554
4061 28460
4081 28589
4101 28454
4121 28084
4141 27991
4161 27928
4181 28153
4201 28129
4221 28137
4241 28146
4261 27940
4281 28000
4301 28061
4321 28104
4341 28140
4370 28137
4390 28150
4410 28427
4430 28437
4450 28444
4470 28460
4490 28482
4510 28494
4530 28506
4550 28528
4570 28551
4590 28575
4610 28593
4630 28605
4650 28621
4670 28639
4690 28666
4710 28439
4730 28454
4750 28474
4770 28487
4790 28509
4810 28523
4830 28530
4850 28517
4870 28464
4890 28612
4910 28485
4930 28085
4950 27943
4970 28113
4998 28042
5018 28022
5038 28015
5058 28031
5078 28064
5098 28113
5118 27915
5138 27960
5158 27998
5178 28026
5198 28036
5218 28042
5238 28031
5258 28052
5278 28075
5298 28096
5318 28108
5338 28126
5358 28141
5619 28604
5639 28636
5659 28652
5679 28647
5699 28617
5719 28521
5739 28149
5759 28016
5779 28145
5799 28068
5819 28015
5839 27993
5859 27972
5879 27994
5899 28020
5919 28079
5939 28143
5959 27930
5979 27979
5999 27999
6019 28003
6039 28020
6059 28034
6079 28048
6099 28058
6119 28071
6139 28083
6159 28084
6179 28108
6199 28136
6219 28424
6247 28441
6267 28501
6287 28547
6307 28582
6327 28607
6347 28642
6367 28671
6387 28435
6407 28435
6427 28442
6447 28460
6467 28489
6487 28509
6507 28518
6527 28489
6547 28661
6567 28550
6587 28423
6607 28052
6865 28430
6885 28450
6905 28463
6925 28478
6945 28498
6965 28516
6985 28534
7005 28548
7025 28569
7045 28591
7065 28608
7085 28639
7105 28416
7125 28439
7145 28458
7165 28481
7185 28495
7205 28513
7225 28537
7245 28558
7265 28582
7285 28612
7305 28622
7325 28611
7345 28537
7365 28427
7385 28535
7405 28157
7425 28049
7445 27984
7465 27935
7487 28143
7507 28140
7527 28150
7547 27941
7567 28000
7587 28065
7607 28117
7627 28142
7647 28416
7667 28429
7687 28449
7707 28456
7727 28472
7747 28494
7767 28507
7787 28524
7807 28535
7827 28561
7847 28582
7867 28607
7887 28630
7907 28660
7927 28423
7947 28446
7967 28462
7987 28479
8007 28496
8027 28512
8047 28531
8067 28557
8087 28573
8121 28598
8141 28620
8161 28584
8181 28507
8201 28642
8221 28502
8241 28116
8261 28015
8281 27928
8301 28116
8321 28082
8341 28078
8361 28099
8381 28143
8401 27937
8421 27986
8441 28024
8461 28065
8481 28095
8501 28120
8521 28128
8541 28139
8561 28150
8581 28421
8601 28429
8621 28441
8641 28468
8661 28496
8681 28519
8701 28542
8721 28559
8736 28557
8756 28598
8776 28617
8796 28632
8816 28644
8836 28660
8856 28666
8876 28429
8896 28438
8916 28459
8936 28476
8956 28494
8976 28486
8996 28431
9016 28594
9036 28465
9056 28088
9076 27978
9096 28158
9116 28093
9136 28067
9156 28044
9176 28055
9196 28099
9216 28150
9236 27942
9256 27999
9276 28033
9296 28078
9316 28093
9336 28115
9364 28123
9384 28139
9404 28154
9424 28425
9444 28445
9464 28471
9484 28484
9504 28505
9524 28514
9544 28544
9564 28574
9584 28608
9604 28631
9624 28637
9644 28657
9664 28670
9684 28420
9704 28444
9724 28463
9987 28096
10007 28103
10027 28114
10047 28151
10067 27945
10087 27994
10107 28026
10127 28062
10147 28091
10167 28119
10187 28125
10207 28145
10227 28149
10247 28421
10267 28434
10287 28444
10307 28464
10327 28481
10347 28498
10367 28526
10387 28540
10407 28554
10427 28580
10447 28611
10467 28625
10487 28647
10507 28657
10527 28419
10547 28431
10567 28453
10587 28470
10615 28475
10635 28507
10655 28522
10675 28515
10695 28451
10715 28619
10735 28506
10755 28151
10775 28048
10795 27977
10815 27936
10835 27905
10855 28142
10875 28159
10895 27922
10915 27964
10935 28011
10955 28057
10975 28095
11243 28507
11263 28536
11283 28564
11303 28594
11323 28603
11343 28612
11363 28628
11383 28645
11403 28655
11423 28419
11443 28435
11463 28460
11483 28480
11503 28485
11523 28463
11543 28427
11563 28607
11583 28509
11603 28139
11623 28047
11643 27972
11663 27928
11683 27908
11703 27918
11723 27934
11743 27957
11763 27998
11783 28039
11803 28079
11823 28099
11843 28111
11867 28107
11887 28130
11907 28143
11927 28155
11947 28420
11967 28433
11987 28446
12007 28458
12027 28477
12047 28489
12067 28517
12087 28548
12107 28568
12127 28600
12147 28620
12167 28641
12187 28653
12207 28658
12227 28671
12247 28427
12267 28451
12287 28446
12307 28461
12327 28477
12347 28492
12367 28483
12387 28416
12407 28572
12427 28456
12447 28091
12467 27988
12483 28135
12503 28109
12523 28079
12543 28064
12563 28074
12583 28110
12603 28155
12623 27949
12643 27999
12663 28037
12683 28064
12703 28078
12723 28096
12743 28110
12763 28111
12783 28116
12803 28137
12823 28152
12843 28429
12863 28441
12883 28470
12903 28494
12923 28520
12943 28543
12963 28564
12983 28585
13003 28602
13023 28618
13043 28637
13063 28664
13083 28427
13109 28443
13129 28453
13149 28483
13169 28505
13189 28512
13209 28519
13229 28489
13249 28419
13269 28571
13289 28442
13309 28061
13329 27948
13349 28125
13369 28076
13389 28049
13409 28049
13429 28066
13449 28121
13469 27906
13489 27970
13509 28023
13529 28057
13549 28066
13569 28071
13589 28078
13609 28094
13629 28105
13649 28123
13669 28135
13689 28420
13709 28448
13737 28449
13757 28475
13777 28502
13797 28524
13817 28557
13837 28573
13857 28590
13877 28612
13897 28637
13917 28640
13937 28653
13957 28665
13977 28669
13997 28435
14017 28457
14037 28465
14057 28480
14077 28497
14097 28477
14360 27917
14380 27978
14400 28024
14420 28050
14440 28061
14460 28073
14480 28081
14500 28088
14520 28104
14540 28122
14560 28144
14580 28153
14600 28428
14620 28446
14640 28463
14660 28483
14680 28522
14700 28539
14720 28569
14740 28599
14760 28605
14780 28626
14800 28637
14820 28650
14840 28671
14860 28428
14880 28430
14900 28450
14920 28471
14940 28492
14960 28490
14988 28429
15008 28628
15028 28504
15048 28101
15068 27985
15088 28144
15108 28094
15128 28053
15148 28046
15168 28050
15188 28090
15208 28143
15228 27941
15248 27986
15268 28046
15288 28064
15308 28097
15328 28107
15348 28112
15605 28547
15625 28591
15645 28610
15665 28620
15685 28634
15705 28645
15725 28650
15745 28657
15765 28434
15785 28455
15805 28488
15825 28490
15845 28462
15865 28646
15885 28534
15905 28142
15925 28004
15945 27923
15965 28118
15985 28074
16005 28071
16025 28091
16045 28125
16065 28137
16085 27947
16105 28005
16125 28057
16145 28084
16165 28101
16185 28112
16205 28118
16228 28108
16248 28136
16268 28145
16288 28424
16308 28451
16328 28467
16348 28481
16368 28509
16388 28537
16408 28565
16428 28593
16448 28615
16468 28632
16488 28661
16508 28424
16528 28452
16548 28459
16568 28459
16588 28478
16608 28504
16628 28517
16648 28530
16668 28533
16688 28527
16708 28478
16728 28629
16748 28491
16768 28088
16788 27957
16808 28109
16828 28054
16855 28010
16875 28030
16895 28052
16915 28089
16935 28134
16955 27929
16975 27974
16995 28022
17015 28067
17035 28094
17055 28100
17075 28111
17095 28111
17115 28141
17135 28141
17155 28153
17175 28427
17195 28445
17215 28471
17235 28497
17255 28522
17275 28533
17295 28556
17315 28588
17335 28616
17355 28654
17375 28663
17395 28671
17415 28428
17435 28434
17455 28452
17482 28445
17502 28479
17522 28493
17542 28517
17562 28509
17582 28455
17602 28612
17622 28472
17642 28060
17662 27932
17682 28095
17702 28043
17722 28021
17742 28013
17762 28040
17782 28079
17802 28122
17822 27905
17842 27972
17862 28017
17882 28044
17902 28061
17922 28075
17942 28089
17962 28102
17982 28125
18002 28128
18022 28155
18042 28425
18062 28445
18082 28470
18110 28472
18130 28522
18150 28551
18170 28581
18190 28609
18210 28629
18230 28649
18250 28666
18270 28669
18290 28446
18310 28450
18330 28462
18350 28482
18370 28503
18390 28526
18410 28538
18430 28546
18450 28498
18470 28657
18733 28074
18753 28117
18773 28125
18793 28138
18813 28139
18833 28155
18853 28157
18873 28432
18893 28448
18913 28467
18933 28477
18953 28500
18973 28526
18993 28536
19013 28552
19033 28571
19053 28598
19073 28626
19093 28638
19113 28650
19133 28669
19153 28428
19173 28461
19193 28479
19213 28497
19233 28507
19253 28531
19273 28556
19293 28548
19313 28476
19333 28625
19350 28469
19370 28121
19390 28013
19410 27949
19430 27924
19450 27908
19470 27904
19490 27927
19510 27973
19530 28040
19550 28097
19570 28134
19590 28157
19610 28436
19630 28446
19650 28462
19670 28454
19690 28460
19710 28460
19978 28507
19998 28540
20018 28552
20038 28579
20058 28600
20078 28611
20098 28622
20118 28625
20138 28606
20158 28541
20178 28431
20198 28536
20218 28138
20238 28023
20258 27932
20278 28131
20298 28104
20318 28104
20338 28127
20358 27921
20378 27972
20398 28028
20418 28075
20438 28114
20458 28146
20478 28427
20498 28430
20518 28430
20538 28451
20558 28478
20578 28490
20600 28484
20620 28517
20640 28534
20660 28558
20680 28583
20700 28614
20720 28631
20740 28658
20760 28671
20780 28445
20800 28464
20820 28487
20840 28500
20860 28520
20880 28528
20900 28558
20920 28562
20940 28583
20960 28599
20980 28603
21000 28569
21020 28469
21040 28594
21060 28444
21080 28051
21100 27957
21120 28147
21140 28100
21160 28094
21180 28117
21200 28135
21227 27913
21247 27982
21267 28039
21287 28082
21307 28113
21327 28127
21347 28131
21367 28156
21387 28159
21407 28417
21427 28429
21447 28450
21467 28470
21487 28493
21507 28508
21527 28528
21547 28548
21567 28582
21587 28601
21607 28624
21627 28637
21647 28642
21667 28650
21687 28668
21707 28434
21727 28441
21747 28460
21767 28480
21787 28508
21807 28530
21827 28552
21849 28503
21869 28432
21889 28564
21909 28433
21929 28046
21949 27950
21969 28143
21989 28122
22009 28099
22029 28113
22049 28143
22069 27955
22089 28011
22109 28073
22129 28114
22149 28133
22169 28151
22189 28433
22209 28438
22229 28443
22249 28462
22269 28472
22289 28496
22309 28520
22329 28533
22349 28546
22369 28578
22389 28607
22409 28644
22429 28656
22449 28431
22477 28446
22497 28481
22517 28505
22537 28518
22557 28521
22577 28539
22597 28554
22617 28587
22637 28599
22657 28607
22677 28606
22697 28564
22717 28464
22737 28593
22757 28457
22777 28098
22797 28009
22817 27958
22837 27931
23099 28475
23119 28512
23139 28533
23159 28565
23179 28577
23199 28608
23219 28625
23239 28653
23259 28668
23279 28446
23299 28465
23319 28492
23339 28503
23359 28519
23379 28533
23399 28558
23419 28586
23439 28608
23459 28625
23479 28650
23499 28640
23519 28585
23539 28481
23559 28583
23579 28437
23599 28048
23619 27954
23639 28133
23659 28098
23679 28089
23699 28100
23727 28120
23747 27924
23767 27982
23787 28045
23807 28087
23827 28121
23847 28134
23867 28150
23887 28416
23907 28422
23927 28436
23947 28446
23967 28472
23987 28489
24007 28503
24027 28525
24047 28540
24067 28565
24087 28598
24353 28486
24373 28649
24393 28511
24413 28109
24433 27981
24453 28141
24473 28072
24493 28038
24513 28036
24533 28046
24553 28077
24573 28133
24593 27934
24613 28009
24633 28052
24653 28077
24673 28096
24693 28103
24713 28122
24733 28137
24753 28146
24773 28416
24793 28447
24813 28458
24833 28488
24853 28510
24873 28541
24893 28567
24913 28580
24933 28607
24953 28636
24974 28626
24994 28669
25014 28420
25034 28440
25054 28455
25074 28472
25094 28487
25114 28497
25134 28516
25154 28516
25174 28491
25194 28653
25214 28521
25234 28108
25254 27956
25274 28095
25294 28019
25314 27983
25334 27949
25354 27962
25374 28007
25394 28056
25414 28116
25434 27919
25454 27962
25474 28003
25494 28027
25514 28041
25534 28038
25554 28049
25574 28056
25605 28067
25625 28093
25645 28120
25665 28154
25685 28432
25705 28455
25725 28485
25745 28511
25765 28549
25785 28562
25805 28571
25825 28583
25845 28607
25865 28613
25885 28633
25905 28650
25925 28661
25945 28431
25965 28458
25985 28456
26005 28435
26025 28619
26045 28493
26065 28097
26085 27978
26105 28136
26125 28067
26145 28039
26165 28024
26185 28030
26205 28062
26228 28087
26248 27906
26268 27966
26288 28021
26308 28055
26328 28081
26348 28090
26368 28095
26388 28099
26408 28109
26428 28109
26448 28112
26468 28123
26488 28149
26508 28432
26528 28453
26548 28461
26568 28490
26588 28535
26608 28589
26628 28615
26648 28623
26668 28636
26688 28654
26708 28668
26728 28423
26748 28443
26768 28466
26788 28484
26808 28499
26828 28457
26845 28611
26865 28475
26885 28064
26905 27944
26925 28086
26945 28007
26965 27966
26985 27948
27005 27960
27025 28000
27045 28037
27065 28112
27085 27936
27105 27991
27125 28029
27145 28039
27165 28048
27185 28063
27205 28075
27471 28563
27491 28591
27511 28601
27531 28604
27551 28610
27571 28643
27591 28648
27611 28665
27631 28416
27651 28641
27671 28541
27691 28134
27711 27970
27731 28094
27751 27975
27771 27910
27791 28631
27811 28628
27831 28631
27851 28666
27871 27952
27891 28025
27911 28086
27931 28145
27951 27920
27971 27949
27991 27967
28011 27966
28031 27975
28051 27988
28071 27997
28099 27984
28119 28021
28139 28042
28159 28072
28179 28100
28199 28133
28219 28420
28239 28457
28259 28482
28279 28499
28299 28522
28319 28544
28339 28545
28359 28556
28379 28554
28399 28573
28419 28598
28439 28616
28459 28627
28717 27926
28737 27996
28757 28065
28777 28110
28797 28129
28817 28149
28837 27906
28857 27915
28877 27926
28897 27944
28917 27950
28937 27967
28957 27979
28977 27999
28997 28033
29017 28057
29037 28088
29057 28103
29077 28139
29097 28429
29117 28446
29137 28467
29157 28484
29177 28506
29197 28510
29217 28548
29237 28577
29257 28603
29277 28606
29297 28586
29317 28525
29347 28158
29367 28027
29387 28142
29407 28024
29427 27923
29447 28651
29467 28646
29487 28641
29507 28658
29527 27934
29547 28000
29567 28070
29587 28126
29607 27914
29627 27940
29647 27955
29667 27968
29687 27969
29707 27993
29727 28011
29747 28022
29767 28033
29787 28067
29807 28083
29827 28116
29847 28138
29867 28425
29887 28439
29907 28481
29927 28490
29947 28511
29967 28515
29987 28551
30007 28573
30027 28590
30047 28617
30067 28644
30087 28666
30107 28425
30127 28419
30147 28610
30167 28519
30187 28133
30207 27996
30227 28142
30247 28063
30267 28013
30287 27989
30307 27991
30327 28034
30347 28070
30367 28129
30387 27925
30407 27978
30427 28004
30447 28026
30467 28047
30487 28065
30507 28079
30527 28085
30547 28106
30567 28117
30591 28136
30611 28418
30631 28446
30651 28469
30671 28501
30691 28551
30711 28578
30731 28597
30751 28618
30771 28642
30791 28424
30811 28443
30831 28460
30851 28473
30871 28499
30891 28516
30911 28539
30931 28552
30951 28509
30971 28664
30991 28537
31011 28117
31031 27978
31051 28122
31071 28055
31091 28012
31111 27995
31131 27990
31151 28009
31171 28053
31191 28106
31219 28153
31239 27969
31259 28000
31279 28039
31299 28057
31319 28084
31339 28079
31359 28106
31379 28117
31399 28149
31419 28417
31439 28449
31459 28473
31479 28496
31499 28530
31519 28579
31539 28595
31559 28622
31579 28654
31845 28052
31865 27949
31885 28089
31905 28014
31925 27979
31945 27961
31965 27972
31985 28002
32005 28051
32025 28119
32045 27936
32065 27979
32085 28000
32105 28014
32125 28039
32145 28058
32165 28079
32185 28099
32205 28121
32225 28146
32245 28428
32265 28446
32285 28474
32305 28505
32325 28532
32345 28566
32365 28602
32385 28619
32405 28641
32425 28660
32445 28418
32473 28426
32493 28451
32513 28479
32533 28499
32553 28527
32573 28540
32593 28518
32613 28446
32633 28588
32653 28433
32673 28038
32693 27909
32713 28069
32733 28004
32753 27966
32773 27950
32793 27974
32813 28006
32833 28059
33090 28133
33110 28435
33130 28467
33150 28499
33170 28531
33190 28563
33210 28588
33230 28591
33250 28607
33270 28635
33290 28651
33310 28422
33330 28454
33350 28470
33370 28495
33390 28498
33410 28477
33430 28642
33450 28524
33470 28120
33490 27990
33510 28114
33530 28045
33550 27993
33570 27975
33590 27978
33610 28004
33630 28047
33650 28104
33670 28159
33690 27955
33713 27968
33733 27993
33753 28014
33773 28027
33793 28045
33813 28051
33833 28064
33853 28089
33873 28108
33893 28129
33913 28144
33933 28438
33953 28464
33973 28508
33993 28532
34013 28551
34033 28563
34053 28585
34073 28608
34093 28635
34113 28664
34133 28418
34153 28441
34173 28467
34193 28487
34213 28464
34233 28653
34253 28535
34273 28146
34293 28015
34313 28159
34344 28064
34364 28020
34384 28000
34404 28005
34424 28021
34444 28074
34464 28115
34484 27913
34504 27952
34524 27976
34544 27990
34564 27998
34584 28004
34604 28022
34624 28022
34644 28051
34664 28064
34684 28082
34704 28104
34724 28127
34744 28145
34764 28429
34784 28464
34804 28488
34824 28505
34844 28519
34864 28547
34884 28554
34904 28573
34924 28603
34944 28634
34966 28632
34986 28659
35006 28637
35026 28572
35046 28451
35066 28050
35086 27911
35106 28042
35126 27949
35146 28653
35166 28606
35186 28604
35206 28613
35226 28631
35246 27915
35266 27981
35286 28019
35306 28060
35326 28092
35346 28107
35366 28124
35386 28128
35406 28150
35426 27911
35446 27928
35466 27942
35486 27964
35506 27983
35526 28016
35546 28038
35566 28073
35594 28084
35614 28127
35634 28152
35654 28438
35674 28450
35694 28472
35714 28495
35734 28527
35754 28547
35774 28564
35794 28555
35814 28491
35834 28118
35854 27978
35874 28078
35894 27934
35914 28591
35934 28500
35954 28461
36220 28027
36240 28057
36260 28071
36280 28089
36300 28117
36320 28151
36340 27913
36360 27937
36380 27969
36400 27995
36420 28040
36440 28059
36460 28079
36480 28100
36500 28135
36520 28422
36540 28462
36560 28475
36580 28495
36600 28476
36620 28143
36640 28018
36660 28130
36680 27989
36700 28636
36720 28541
36740 28477
36760 28448
36780 28430
36800 28459
36820 28512
36837 28556
36857 28636
36877 27933
36897 27985
36917 28017
36937 28038
36957 28047
36977 28057
36997 28079
37017 28102
37037 28129
37057 28134
37077 27905
37097 27936
37117 27974
37137 27998
37157 28025
37177 28050
37197 28081
37465 28154
37485 28017
37505 28648
37525 28550
37545 28484
37565 28455
37585 28448
37605 28462
37625 28496
37645 28566
37665 28651
37685 27944
37705 27982
37725 28015
37745 28045
37765 28049
37785 28062
37805 28078
37825 28104
37845 28128
37865 28147
37885 27904
37905 27934
37925 27957
37945 27988
37965 28017
37985 28062
38005 28074
38025 28094
38045 28120
38065 28134
38087 28140
38107 28438
38127 28456
38147 28470
38167 28483
38187 28500
38207 28488
38227 28428
38247 28056
38267 27912
38287 28025
38307 27904
38327 28570
38347 28517
38367 28491
38387 28490
38407 28497
38427 28538
38447 28604
38467 27911
38487 27971
38507 28005
38527 28023
38547 28045
38567 28050
38587 28052
38607 28066
38627 28073
38647 28093
38667 28107
38687 28135
38711 28151
38731 27934
38751 27960
38771 27983
38791 28009
38811 28036
38831 28053
38851 28078
38871 28088
38891 28111
38911 28127
38931 28153
38951 28423
38971 28454
38991 28463
39011 28456
39031 28128
39051 28001
39071 28109
39091 27958
39111 28605
39131 28520
39151 28455
39171 28441
39191 28440
39211 28478
39231 28518
39251 28587
39271 28655
39291 27957
39311 27994
39341 28002
39361 28027
39381 28052
39401 28057
39421 28081
39441 28091
39461 28109
39481 28137
39501 28157
39521 27939
39541 27969
39561 27986
39581 28019
39601 28047
39621 28085
39641 28099
39661 28129
39681 28153
39701 28431
39721 28450
39741 28472
39761 28491
39781 28524
39801 28545
39821 28524
39841 28436
39861 28046
39881 28146
39901 27999
39921 28622
39941 28520
39958 28424
39978 28657
39998 28653
40018 28659
40038 28444
40058 28509
40078 28575
40098 28644
40118 27928
40138 27959
40158 27973
40178 27993
40198 28001
40218 28021
40238 28029
40258 28047
40278 28073
40298 28101
40318 28117
40587 28448
40607 28484
40627 28493
40647 28473
40667 28129
40687 27984
40707 28075
40727 27917
40747 28560
40767 28476
40787 28663
40807 28642
40827 28621
40847 28648
40867 28441
40887 28521
40907 28598
40927 28655
40947 27920
40967 27961
40987 27981
41007 27996
41027 28011
41047 28019
41067 28044
41087 28076
41107 28092
41127 28119
41147 28142
41167 27910
41187 27947
41215 27963
41235 28008
41255 28043
41275 28071
41295 28100
41315 28126
41335 28142
41355 28427
41375 28447
41395 28468
41415 28506
41435 28529
41455 28544
41475 28543
41495 28483
41515 28110
41535 27964
41555 28069
41575 27931
41832 28043
41852 28060
41872 28064
41892 28076
41912 28090
41932 28129
41952 27904
41972 27934
41992 27956
42012 27983
42032 28031
42052 28070
42072 28099
42092 28138
42112 28435
42132 28460
42152 28489
42172 28502
42192 28527
42212 28545
42232 28582
42252 28613
42272 28639
42292 28660
42312 28643
42332 28571
42352 28446
42372 28037
42392 28138
42412 28007
42432 28670
42461 28596
42481 28549
42501 28536
42521 28542
42541 28582
42561 28634
42581 27945
42601 28011
42621 28041
42641 28076
42661 28095
42681 28103
42701 28115
42721 28123
42741 28154
42761 28158
42781 27922
42801 27943
42821 27971
42841 27997
42861 28036
42881 28074
42901 28103
42921 28134
42941 28422
42961 28451
42981 28475
43001 28503
43021 28524
43041 28527
43061 28559
43084 28575
43104 28619
43124 28653
43144 28658
43164 28620
43184 28524
43204 28139
43224 28010
43244 28135
43264 28027
43284 27957
43304 27915
43324 28662
43344 28662
43364 27937
43384 27997
43404 28067
43424 28122
43444 27913
43464 27944
43484 27965
43504 27977
43524 27990
43544 27995
43564 28012
43584 28020
43604 28045
43624 28069
43644 28102
43664 28130
43684 28158
43714 28430
43734 28477
43754 28505
43774 28524
43794 28554
43814 28579
43834 28603
43854 28613
43874 28627
43894 28655
43914 28432
43934 28448
43954 28483
43974 28503
43994 28471
44014 28619
44034 28471
44054 28087
44074 27973
44094 28128
44114 28050
44134 28009
44154 27969
44174 27984
44194 28014
44214 28084
44234 28149
44254 27954
44274 27994
44294 28033
44314 28037
44345 28041
44365 28077
44385 28089
44405 28098
44425 28111
44445 28127
44465 28151
44485 28429
44505 28460
44525 28482
44545 28520
44565 28551
44585 28574
44605 28600
44625 28627
44645 28656
44665 28424
44685 28436
44705 28447
44725 28480
44745 28503
44765 28522
44785 28535
44805 28482
44825 28627
44845 28479
44865 28071
44885 27928
44905 28071
44925 27969
44945 28654
44957 28580
44977 28589
44997 28595
45017 28629
45037 27907
45057 27977
45077 28035
45097 28079
45117 28112
45137 28131
45157 28129
45177 28141
45197 27905
45217 27931
45237 27951
45257 27964
45277 27973
45297 28002
45317 28025
45337 28064
45357 28095
45377 28122
45397 28147
45417 28439
45437 28470
45457 28493
45477 28516
45497 28546
45517 28567
45537 28597
45557 28626
45585 28629
45605 28646
45625 28569
45645 28433
45665 28016
45685 28113
45705 27992
45725 28653
45745 28579
45765 28524
45785 28476
45805 28475
45825 28497
45845 28551
45865 28615
45885 27925
45905 27973
45925 28009
45945 28040
46207 28066
46227 28119
46247 28148
46267 28424
46287 28440
46307 28451
46327 28479
46347 28500
46367 28519
46387 28558
46407 28569
46427 28550
46447 28464
46467 28060
46487 28152
46507 28001
46527 28635
46547 28552
46567 28486
46587 28439
46607 28670
46627 28437
46647 28474
46667 28529
46687 28583
46707 28650
46727 27920
46747 27956
46767 27966
46787 27976
46807 27992
46829 28004
46849 28035
46869 28051
46889 28075
46909 28098
46929 28135
46949 27910
46969 27941
46989 27974
47009 28001
47029 28034
47049 28063
47069 28091
47089 28103
47109 28118
47129 28141
47149 28423
47169 28444
47189 28464
47209 28481
47229 28488
47249 28453
47269 28094
47289 27954
47309 28054
47329 27933
47349 28583
47369 28500
47389 28438
47409 28656
47429 28644
47451 28665
47471 28472
47491 28546
47511 28598
47531 28659
47551 27929
47571 27951
47591 27962
47611 27968
47631 27974
47651 27987
47671 28012
47691 28033
47711 28056
47731 28093
47751 28111
47771 28138
47791 27915
47811 27943
47831 27979
47851 28005
47871 28024
47891 28042
47911 28063
47931 28083
47951 28110
47971 28124
47991 28158
48011 28432
48031 28463
48051 28461
48084 28152
48104 28053
48124 27926
48144 28045
48164 27918
48184 28580
48204 28513
48224 28473
48244 28462
48264 28479
48284 28530
48304 28590
48324 28655
48344 27949
48364 27986
48384 28019
48404 28027
48424 28046
48444 28060
48464 28075
48484 28081
48504 28093
48524 28116
48544 28139
48564 27915
48584 27951
48604 27981
48624 28002
48644 28033
48664 28070
48684 28089
48705 28095
48725 28120
48745 28142
48765 28417
48785 28446
48805 28464
48825 28498
48845 28514
48865 28510
48885 28466
48905 28110
48925 27983
48945 28115
48965 28009
48985 27925
49005 28625
49025 28586
49045 28581
49065 28611
49085 27912
49105 27959
49125 28036
49145 28084
49165 28115
49185 28131
49205 28147
49225 28153
49245 27908
49265 27908
49285 27926
49305 27940
49327 27948
49347 27993
49367 28009
49387 28040
49407 28072
49427 28096
49447 28115
49467 28141
49487 28155
49507 28431
49527 28453
49547 28475
49567 28488
49587 28515
49607 28540
49627 28553
49647 28528
49667 28440
49687 28040
49707 28142
49727 27989
49747 28629
49767 28529
49787 28456
49807 28660
49827 28641
49847 28658
49867 28442
49887 28505
49907 28573
49927 28648
49955 27914
49975 27959
49995 27970
50015 27980
50035 27992
50055 28024
50075 28037
50095 28063
50115 28083
50135 28111
50155 28132
50175 27917
50195 27952
50215 27988
50235 28018
50255 28040
50275 28064
50295 28089
50315 28116
50578 28617
50598 28572
50618 28538
50638 28549
50658 28570
50678 28628
50698 28446
50718 28508
50738 28567
50758 28609
50778 28635
50798 28653
50818 28664
50838 27904
50858 27920
50878 27940
50898 27966
50918 27983
50938 28000
50958 28035
50978 28062
50998 28092
51018 28117
51038 28139
51058 27911
51078 27937
51098 27955
51118 27969
51138 27982
51158 27990
51178 28028
51206 28049
51226 28075
51246 28090
51266 28057
51286 27971
51306 28088
51326 27918
51346 28528
51366 28419
51386 28567
51406 28504
51426 28459
51446 28445
51466 28468
51486 28524
51506 28588
51526 28648
51546 28454
51566 28499
51823 28031
51843 28074
51863 28112
51883 28146
51903 27921
51923 27932
51943 27949
51963 27980
51983 28009
52003 28033
52023 28054
52043 28075
52063 28104
52083 28117
52103 28063
52123 27938
52143 28047
52163 28656
52183 28516
52203 28660
52223 28575
52243 28526
52263 28502
52283 28499
52303 28518
52323 28567
52343 28629
52363 28451
52383 28512
52403 28543
52423 28558
52450 28570
52470 28593
52490 28619
52510 28640
52530 28668
52550 27914
52570 27940
52590 27977
52610 28008
52630 28043
52650 28081
52670 28121
52690 28151
52710 27930
52730 27964
52750 27987
52770 28002
52790 28021
52810 28036
52830 28067
52850 28090
52870 28115
52890 28147
52910 28440
52930 28453
52950 28433
52970 28072
52990 27949
53010 28045
53030 28671
53050 28534
53074 28438
53094 28640
53114 28605
53134 28597
53154 28605
53174 28646
53194 28460
53214 28534
53234 28598
53254 28640
53274 27904
53294 27909
53314 27928
53334 27941
53354 27966
53374 27982
53394 28009
53414 28034
53434 28063
53454 28090
53474 28104
53494 28144
53514 27918
53534 27968
53554 28001
53574 28024
53594 28040
53614 28059
53634 28074
53654 28105
53674 28117
53703 28134
53723 28430
53743 28443
53763 28474
53783 28496
53803 28502
53823 28438
53843 28068
53863 27915
53883 28037
53903 27908
53923 28587
53943 28517
53963 28476
53983 28450
54003 28467
54023 28506
54043 28561
54063 28628
54083 27921
54103 27960
54123 27988
54143 28010
54163 28023
54183 28035
54203 28051
54223 28064
54243 28078
54263 28104
54283 28124
54303 28158
54320 27909
54340 27947
54360 27978
54380 28015
54400 28054
54420 28082
54440 28096
54460 28125
54480 28148
54500 28424
54520 28433
54540 28450
54560 28457
54580 28491
54600 28524
54620 28544
54640 28506
54660 28422
54680 28021
54949 27968
54969 28004
54989 28015
55009 28015
55029 28033
55049 28047
55069 28062
55089 28093
55109 28111
55129 28127
55149 28148
55169 27914
55189 27936
55209 27969
55229 28001
55249 28036
55269 28061
55289 28084
55309 28095
55329 28112
55349 28116
55369 28129
55389 28155
55409 28431
55429 28443
55449 28467
55469 28450
55489 28117
55509 27968
55529 28070
55549 27911
55577 28537
55597 28451
55617 28629
55637 28576
55657 28566
55677 28564
55697 28617
55717 28671
55737 28488
55757 28543
55777 28591
55797 28621
55817 28645
55837 28651
55857 28669
55877 27912
55897 27936
55917 27955
55937 27974
56194 28028
56214 28058
56234 28092
56254 28120
56274 28157
56294 28418
56314 28079
56334 27935
56354 28047
56374 28659
56394 28529
56414 28664
56434 28575
56454 28518
56474 28500
56494 28507
56514 28545
56534 28602
56554 28655
56574 28471
56594 28532
56614 28575
56634 28603
56654 28617
56674 28629
56694 28644
56714 28662
56734 27907
56754 27926
56774 27960
56794 27993
56821 28016
56841 28047
56861 28071
56881 28107
56901 28146
56921 27929
56941 27957
56961 27975
56981 27999
57001 28014
57021 28027
57041 28053
57061 28075
57081 28088
57101 28117
57121 28110
57141 28052
57161 27934
57181 28032
57201 28653
57221 28506
57241 28643
57261 28558
57281 28517
57301 28481
57321 28482
57341 28509
57361 28569
57381 28626
57401 28438
57421 28500
57445 28537
57465 28568
57485 28580
57505 28596
57525 28616
57545 28625
57565 28638
57585 28657
57605 27915
57625 27934
57645 27971
57665 27991
57685 28023
57705 28042
57725 28081
57745 28111
57765 28137
57785 28151
57805 27916
57825 27933
57845 27951
57865 27978
57885 27995
57905 28037
57925 28061
57945 28068
57965 28043
57985 27964
58005 28084
58025 27948
58045 28568
58067 28435
58087 28611
58107 28556
58127 28528
58147 28511
58167 28532
58187 28583
58207 28644
58227 28449
58247 28501
58267 28540
58287 28559
58307 28571
58327 28597
58347 28607
58367 28622
58387 28643
58407 28662
58427 27908
58447 27933
58467 27949
58487 27979
58507 28006
58527 28048
58547 28074
58567 28080
58587 28100
58607 28129
58627 28155
58647 27916
58667 27939
58695 27952
58715 27988
58735 28008
58755 28023
58775 28038
58795 28015
58815 27938
58835 28082
58855 27944
58875 28594
58895 28491
58915 28416
58935 28636
58955 28624
58975 28609
58995 28639
59015 28436
59035 28509
59055 28567
59316 28060
59336 28093
59356 28119
59376 28145
59396 27905
59416 27922
59436 27943
59456 27957
59476 27967
59496 27991
59516 28021
59536 28053
59556 28064
59576 28079
59596 28041
59616 27959
59636 28096
59656 27979
59676 28634
59696 28539
59716 28480
59736 28438
59756 28430
59776 28436
59796 28463
59816 28504
59836 28570
59856 28620
59876 28661
59896 27922
59916 27948
59944 27947
59964 27959
59984 27964
60004 27981
60024 27993
60044 28019
60064 28039
60084 28064
60104 28082
60124 28121
60144 27905
60164 27933
60184 27968
60204 27980
60224 27998
60244 28020
60264 28031
60284 28062
60304 28081
60572 28569
60592 28582
60612 28607
60632 28417
60652 28471
60672 28531
60692 28582
60712 28609
60732 28619
60752 28635
60772 28644
60792 28643
60812 28657
60832 27921
60852 27951
60872 27974
60892 27990
60912 28011
60932 28036
60952 28075
60972 28102
60992 28138
61012 28158
61032 27911
61052 27935
61072 27960
61092 27970
61112 27996
61132 28004
61152 28029
61172 28047
61195 28020
61215 27973
61235 28098
61255 27959
61275 28578
61295 28446
61315 28594
61335 28524
61355 28486
61375 28452
61395 28454
61415 28489
61435 28548
61455 28623
61475 28435
61495 28483
61515 28515
61535 28545
61555 28565
61575 28585
61595 28596
61615 28612
61635 28632
61655 28657
61675 27912
61695 27935
61715 27960
61735 27992
61755 28017
61775 28050
61795 28077
61822 28103
61842 28144
61862 27920
61882 27926
61902 27943
61922 27960
61942 27976
61962 28008
61982 28032
62002 28044
62022 28016
62042 27953
62062 28091
62082 27935
62102 28548
62122 28665
62142 28558
62162 28491
62182 28461
62202 28438
62222 28452
62242 28496
62262 28563
62282 28643
62302 28463
62322 28514
62342 28538
62362 28566
62382 28591
62402 28599
62422 28606
62437 28622
62457 28655
62477 27922
62497 27943
62517 27966
62537 28004
62557 28018
62577 28052
62597 28083
62617 28124
62637 28159
62657 27922
62677 27941
62697 27955
62717 27964
62737 27975
62757 27990
62777 28006
62797 28043
62817 28074
62837 28089
62857 28078
62877 28014
62897 28144
62917 27997
62937 28606
62957 28473
62977 28622
62997 28557
63017 28508
63037 28484
63065 28479
63085 28543
63105 28610
63125 28434
63145 28494
63165 28539
63185 28565
63205 28587
63225 28602
63245 28619
63265 28637
63285 28657
63305 28666
63325 27920
63345 27951
63365 27994
63385 28004
63405 28037
63425 28063
63688 28085
63708 28104
63728 28096
63748 28022
63768 28151
63788 28002
63808 28603
63828 28481
63848 28640
63868 28586
63888 28543
63908 28540
63928 28570
63948 28630
63968 28435
63988 28509
64008 28563
64028 28609
64048 28639
64068 28655
64088 28671
64108 27923
64128 27942
64148 27957
64168 27968
64188 27981
64208 28007
64228 28039
64248 28076
64268 28112
64288 28142
64316 27909
64336 27943
64356 27972
64376 27985
64396 28010
64416 28036
64436 28060
64456 28071
64476 28084
64496 28102
64516 28132
64536 28418
64556 28452
64576 28472
64596 28443
64616 28117
64636 27996
64656 28108
64676 27961
64944 28075
64964 28100
64984 28119
65004 28125
65024 28148
65044 27919
65064 27934
65084 27946
65104 27979
65124 28008
65144 28044
65164 28068
65184 28101
65204 28127
65224 28417
65244 28436
65264 28451
65284 28465
65304 28473
65324 28490
65344 28514
65364 28542
65384 28554
65404 28588
65424 28609
65444 28605
65464 28554
65484 28454
65504 28050
65524 27909
65544 28028
65567 27915
65587 28635
65607 28616
65627 28627
65647 28645
65667 27929
65687 27973
65707 28031
65727 28089
65747 28136
65767 27928
65787 27935
65807 27952
65827 27968
65847 27990
65867 27999
65887 28021
65907 28035
65927 28058
65947 28083
65967 28119
65987 28144
66007 28421
66027 28464
66047 28500
66067 28521
66087 28536
66107 28556
66127 28564
66147 28600
66167 28623
66194 28626
66214 28657
66234 28425
66254 28453
66274 28469
66294 28470
66314 28431
66334 28597
66354 28460
66374 28046
66394 28154
66414 28033
66434 27959
66454 27904
66474 28646
66494 28647
66514 27915
66534 27972
66554 28047
66574 28115
66594 27914
66614 27951
66634 27985
66654 27997
66674 28023
66694 28051
66714 28055
66734 28080
66754 28103
66774 28134
66794 28159
66809 28159
66829 28466
66849 28492
66869 28526
66889 28557
66909 28574
66929 28607
66949 28634
66969 28656
66989 28429
67009 28448
67029 28465
67049 28479
67069 28494
67089 28507
67109 28546
67129 28568
67149 28562
67169 28495
67189 28647
67209 28495
67229 28084
67249 27944
67269 28104
67289 28042
67309 28002
67329 27997
67349 28004
67369 28053
67389 28126
67409 27930
67437 27976
67457 28034
67477 28076
67497 28101
67517 28125
67537 28148
67557 28146
67577 28417
67597 28444
67617 28458
67637 28475
67657 28503
67677 28536
67697 28574
67717 28604
67737 28631
67757 28648
67777 28424
67797 28458
68059 28426
68079 28544
68099 28157
68119 28040
68139 27932
68159 28139
68179 28102
68199 28118
68219 28134
68239 27933
68259 27984
68279 28045
68299 28095
68319 28148
68339 28420
68359 28441
68379 28454
68399 28463
68419 28470
68439 28480
68459 28494
68479 28523
68499 28548
68519 28580
68539 28597
68559 28623
68579 28658
68599 28432
68619 28465
68639 28492
68659 28521
68687 28528
68707 28544
68727 28558
68747 28567
68767 28597
68787 28624
68807 28632
68827 28651
68847 28661
68867 28654
68887 28601
68907 28502
68927 28622
68947 28495
68967 28109
68987 28012
69007 27958
69027 27928
69047 27917
69316 28528
69336 28561
69356 28586
69376 28612
69396 28644
69416 28648
69436 28427
69456 28447
69476 28471
69496 28493
69516 28518
69536 28542
69556 28553
69576 28580
69596 28602
69616 28618
69636 28631
69656 28656
69676 27917
69696 27912
69716 28630
69736 28533
69756 28661
69776 28534
69796 28421
69816 28079
69836 28009
69856 27972
69876 27962
69896 27985
69916 28032
69938 28061
69958 28142
69978 28450
69998 28488
70018 28512
70038 28518
70058 28538
70078 28550
70098 28552
70118 28562
70138 28566
70158 28585
70178 28604
70198 28626
70218 28657
70238 28418
70258 28431
70278 28460
70298 28495
70318 28522
70338 28547
70358 28568
70378 28586
70398 28604
70418 28605
70438 28619
70458 28634
70478 28657
70498 28662
70518 28615
70538 28517
70564 28623
70584 28500
70604 28125
70624 28008
70644 27926
70664 28130
70684 28109
70704 28113
70724 28147
70744 27936
70764 27998
70784 28037
70804 28084
70824 28102
70844 28111
70864 28113
70884 28135
70904 28143
70924 28156
70944 28441
70964 28443
70984 28461
71004 28484
71024 28505
71044 28527
71064 28552
71084 28584
71104 28609
71124 28640
71144 28662
71164 28669
71186 28668
71206 28457
71226 28476
71246 28499
71266 28510
71286 28533
71306 28533
71326 28505
71346 28661
71366 28520
71386 28108
71406 27970
71426 28091
71446 27989
71466 27913
71486 28654
71506 28644
71526 28668
71546 27945
71566 27996
71586 28057
71606 28110
71626 28143
71646 27916
71666 27918
71686 27934
71706 27941
71726 27965
71746 27985
71766 28005
71786 28015
71814 28038
71834 28086
71854 28110
71874 28141
71894 28417
71914 28458
71934 28487
71954 28511
71974 28525
71994 28557
72014 28565
72034 28587
72054 28606
72074 28619
72094 28633
72114 28645
72134 28637
72154 28566
72174 28443
72437 27977
72457 28033
72477 28058
72497 28068
72517 28087
72537 28105
72557 28118
72577 28142
72597 27915
72617 27938
72637 27970
72657 27991
72677 28010
72697 28045
72717 28085
72737 28117
72757 28149
72777 28435
72797 28451
72817 28481
72837 28509
72857 28544
72877 28570
72897 28593
72917 28614
72937 28621
72957 28568
72977 28472
72997 28083
73017 27940
73037 28049
73054 27910
73074 28597
73094 28538
73114 28509
73134 28520
73154 28546
73174 28616
73194 28671
73214 27968
73234 28020
73254 28065
73274 28089
73294 28115
73314 28122
73334 28154
73354 27916
73374 27924
73394 27956
73414 27984
73682 28606
73702 28630
73722 28665
73742 28424
73762 28419
73782 28620
73802 28514
73822 28119
73842 27975
73862 28082
73882 27970
73902 28647
73922 28596
73942 28576
73962 28575
73982 28591
74002 28648
74022 27953
74042 28015
74062 28060
74082 28080
74102 28091
74122 28094
74142 28102
74162 28108
74182 28112
74202 28123
74222 28145
74242 27907
74262 27938
74282 27966
74304 27982
74324 28022
74344 28057
74364 28079
74384 28100
74404 28118
74424 28141
74444 28157
74464 28441
74484 28449
74504 28477
74524 28498
74544 28520
74564 28547
74584 28529
74604 28480
74624 28115
74644 27978
74664 28089
74684 27967
74704 28640
74724 28579
74744 28540
74764 28537
74784 28561
74804 28624
74824 27912
74844 27974
74864 28022
74884 28062
74904 28072
74931 28077
74951 28102
74971 28122
74991 28132
75011 27905
75031 27912
75051 27930
75071 27944
75091 27967
75111 28003
75131 28045
75151 28073
75171 28085
75191 28111
75211 28140
75231 28153
75251 28431
75271 28438
75291 28443
75311 28470
75331 28495
75351 28517
75371 28527
75391 28533
75411 28480
75431 28119
75451 27978
75471 28078
75491 27946
75511 28591
75531 28511
75554 28454
75574 28434
75594 28443
75614 28467
75634 28518
75654 28574
75674 28636
75694 27922
75714 27971
75734 27995
75754 28011
75774 28012
75794 28019
75814 28041
75834 28068
75854 28090
75874 28124
75894 28143
75914 28159
75934 27939
75954 27979
75974 28011
75994 28049
76014 28080
76034 28105
76054 28126
76074 28137
76094 28419
76114 28439
76134 28466
76154 28480
76182 28489
76202 28515
76222 28532
76242 28472
76262 28095
76282 27950
76302 28068
76322 27937
76342 28600
76362 28521
76382 28462
76402 28431
76422 28437
76442 28460
76462 28516
76482 28570
76502 28636
76522 27919
76542 27955
76805 27939
76825 27986
76845 28015
76865 28031
76885 28050
76905 28059
76925 28071
76945 28107
76965 28127
76985 28145
77005 28431
77025 28454
77045 28460
77065 28157
77085 28060
77105 27928
77125 28038
77145 27904
77165 28558
77185 28461
77205 28661
77225 28628
77245 28611
77265 28624
77285 28418
77305 28483
77325 28561
77345 28594
77365 28643
77385 28665
77405 28671
77433 28669
77453 27932
77473 27952
77493 27969
77513 27994
77533 28015
77553 28035
77573 28055
77593 28082
77613 28104
77633 28138
77653 27906
77673 27946
77693 27974
77713 27995
77733 28009
77753 28029
77773 28042
77793 28063
78050 28617
78070 28610
78090 28620
78110 28653
78130 28457
78150 28527
78170 28585
78190 28627
78210 28661
78230 27909
78250 27918
78270 27926
78290 27946
78310 27949
78330 27971
78350 27988
78370 28025
78390 28058
78410 28093
78430 28121
78450 27910
78470 27936
78490 27969
78510 27988
78530 28025
78550 28043
78570 28059
78590 28063
78610 28081
78630 28098
78650 28129
78672 28141
78692 28441
78712 28455
78732 28438
78752 28081
78772 27949
78792 28071
78812 27947
78832 28617
78852 28553
78872 28509
78892 28476
78912 28484
78932 28518
78952 28589
78972 28656
78992 27940
79012 27977
79032 28000
79052 27999
79072 28019
79092 28037
79112 28049
79132 28060
79152 28090
79172 28107
79192 28118
79212 28141
79232 27919
79252 27939
79272 27965
79299 27977
79319 28029
79339 28058
79359 28081
79379 28094
79399 28107
79419 28122
79439 28136
79459 28155
79479 28427
79499 28460
79519 28471
79539 28473
79559 28425
79579 28065
79599 27926
79619 28052
79639 27916
79659 28593
79679 28502
79699 28466
79719 28444
79739 28441
79759 28470
79779 28530
79799 28592
79819 28658
79839 27939
79859 27977
79879 27991
79899 28002
79921 28003
79941 28034
79961 28059
79981 28080
80001 28107
80021 28120
80041 28151
80061 27935
80081 27970
80101 27986
80121 28030
80141 28054
80161 28092
80181 28119
80201 28132
80221 28143
80241 28418
80261 28440
80281 28462
80301 28479
80321 28502
80341 28528
80361 28533
80381 28459
80401 28086
80421 27941
80441 28035
80461 28661
80481 28542
80501 28436
80521 28631
80549 28587
80569 28599
80589 28614
80609 28651
80629 28448
80649 28507
80669 28564
80689 28610
80709 28630
80729 28656
80749 28671
80769 27911
80789 27921
80809 27935
80829 27956
80849 27986
80869 28019
80889 28036
80909 28073
81171 28097
81191 28138
81211 28131
81231 28076
81251 27977
81271 28090
81291 27939
81311 28546
81331 28666
81351 28578
81371 28524
81391 28482
81411 28467
81431 28482
81451 28542
81471 28613
81491 28434
81511 28490
81531 28540
81551 28569
81571 28581
81591 28595
81611 28607
81631 28621
81651 28651
81671 27909
81691 27934
81711 27955
81731 27982
81751 28016
81771 28049
81799 28078
81819 28117
81839 28147
81859 27917
81879 27942
81899 27961
81919 27975
81939 27979
81959 28000
81979 28024
81999 28057
82019 28078
82039 28103
82059 28118
82079 28113
82099 28031
82119 27908
82139 27989
82159 28602
82428 28569
82448 28602
82468 28611
82488 28615
82508 28640
82528 28656
82548 27914
82568 27948
82588 27972
82608 28007
82628 28040
82648 28072
82668 28112
82688 28155
82708 27911
82728 27944
82748 27971
82768 28002
82788 28017
82808 28035
82828 28057
82848 28062
82868 28100
82888 28123
82908 28142
82928 28155
82948 28118
82968 28011
82988 28139
83008 28003
83028 28625
83049 28500
83069 28433
83089 28652
83109 28613
83129 28630
83149 28664
83169 28472
83189 28545
83209 28594
83229 28643
83249 28669
83269 27914
83289 27936
83309 27961
83329 27965
83349 27972
83369 27999
83389 28017
83409 28041
83429 28061
83449 28081
83469 28109
83489 28144
83509 27922
83529 27955
83549 27972
83569 28002
83589 28017
83609 28053
83629 28052
83649 28064
83669 28061
83689 28100
83709 28129
83729 28159
83749 28429
83769 28448
83789 28437
83809 28109
83829 27975
83849 28067
83869 27914
83889 28562
83909 28460
83929 28641
83949 28596
83969 28562
83989 28567
84009 28611
84029 28668
84049 28484
84069 28549
84089 28586
84109 28620
84129 28633
84149 28653
84169 28664
84189 27907
84209 27907
84229 27923
84249 27955
84269 27982
84292 28007
84312 28038
84332 28070
84352 28110
84372 28133
84392 28151
84412 27936
84432 27969
84452 28002
84472 28031
84492 28041
84512 28055
84532 28081
84552 28107
84572 28129
84592 28135
84612 28421
84632 28445
84652 28437
84672 28101
84692 27972
84712 28063
84732 28670
84752 28520
84772 28666
84792 28585
84812 28527
84832 28494
84852 28500
84872 28513
84892 28572
84920 28629
84940 28467
84960 28527
84980 28564
85000 28580
85020 28604
85040 28610
85060 28632
85080 28638
85100 28647
85120 27911
85140 27935
85160 27967
85180 27994
85200 28026
85220 28040
85240 28077
85260 28113
85280 27912
85546 28112
85566 28028
85586 28146
85606 27990
85626 28600
85646 28469
85666 28612
85686 28541
85706 28499
85726 28478
85746 28505
85766 28536
85786 28606
85806 28664
85826 28460
85846 28497
85866 28538
85886 28560
85906 28573
85926 28591
85946 28599
85966 28613
85986 28631
86006 28652
86026 27906
86046 27936
86066 27963
86086 27990
86106 28020
86126 28066
86146 28088
86174 28088
86194 28149
86214 27917
86234 27938
86254 27961
86274 27977
86294 28003
86314 28024
86334 28048
86354 28062
86374 28095
86394 28125
86414 28149
86434 28113
86454 28028
86474 28149
86494 28007
86514 28634
86534 28515
86792 27922
86812 27955
86832 27966
86852 27981
86872 28003
86892 28027
86912 28053
86932 28082
86952 28115
86972 28138
86992 27917
87012 27948
87032 27976
87052 28010
87072 28030
87092 28061
87112 28070
87132 28078
87152 28096
87172 28116
87192 28140
87212 28159
87232 28433
87252 28450
87272 28480
87292 28465
87312 28124
87332 27981
87352 28099
87372 27956
87392 28619
87424 28507
87444 28461
87464 28423
87484 28663
87504 28424
87524 28461
87544 28523
87564 28585
87584 28646
87604 27911
87624 27934
87644 27944
87664 27951
87684 27964
87704 27986
87724 28006
87744 28027
87764 28027
87784 28064
87804 28079
87824 28119
87844 28145
87864 27921
87884 27941
87904 27966
87924 27997
87944 28026
87964 28044
87984 28058
88004 28082
88024 28107
88043 28108
88063 28145
88083 28417
88103 28456
88123 28469
88143 28487
88163 28443
88183 28081
88203 27939
88223 28036
88243 28658
88263 28527
88283 28432
88303 28628
88323 28586
88343 28557
88363 28567
88383 28608
88403 28665
88423 28467
88443 28537
88463 28568
88483 28606
88503 28621
88523 28648
88543 28658
88563 28662
88583 27917
88603 27938
88623 27959
88643 27990
88667 27993
88687 28047
88707 28073
88727 28102
88747 28139
88767 27909
88787 27938
88807 27958
88827 27975
88847 28003
88867 28017
88887 28039
88907 28045
88927 28073
88947 28111
88967 28134
88987 28158
89007 28417
89027 28103
89047 28005
89067 28104
89087 27944
89107 28572
89127 28446
89147 28613
89167 28553
89187 28518
89207 28496
89227 28514
89247 28557
89267 28625
89295 28417
89315 28474
89335 28510
89355 28539
89375 28564
89395 28562
89415 28580
89435 28598
89455 28617
89475 28640
89495 28668
89515 27928
89535 27953
89555 27980
89575 28011
89595 28044
89615 28081
89635 28116
89655 28151
89921 28143
89941 28010
89961 28634
89981 28502
90001 28659
90021 28587
90041 28537
90061 28519
90081 28533
90101 28576
90121 28634
90141 28434
90161 28492
90181 28546
90201 28578
90221 28597
90241 28612
90261 28629
90281 28637
90301 28659
90321 28669
90341 27932
90361 27949
90381 27978
90401 28004
90421 28046
90441 28073
90461 28105
90481 28134
90501 28158
90521 27921
90538 27936
90558 27978
90578 27993
90598 28005
90618 28037
90638 28057
90658 28093
90678 28115
90698 28144
90718 28158
90738 28103
90758 27978
90778 28099
90798 27962
90818 28620
90838 28525
90858 28454
90878 28416
90898 28653
91167 27999
91187 28028
91207 28055
91227 28067
91247 28100
91267 28128
91287 27909
91307 27932
91327 27967
91347 27984
91367 28009
91387 28026
91407 28034
91427 28056
91447 28077
91467 28092
91487 28113
91507 28149
91527 28416
91547 28152
91567 28122
91587 28019
91607 28146
91627 28023
91647 27906
91667 28590
91687 28529
91707 28493
91727 28463
91747 28480
91767 28515
91789 28565
91809 28638
91829 27929
91849 27957
91869 27983
91889 27995
91909 28007
91929 28002
91949 28017
91969 28030
91989 28059
92009 28067
92029 28100
92049 28127
92069 28159
92089 27932
92109 27973
92129 27991
92149 28003
92169 28025
92189 28048
92209 28065
92229 28087
92249 28103
92269 28116
92289 28145
92309 28432
92329 28444
92349 28442
92369 28117
92389 27993
92420 28096
92440 27957
92460 28596
92480 28485
92500 28665
92520 28607
92540 28568
92560 28552
92580 28570
92600 28616
92620 28668
92640 28457
92660 28507
92680 28533
92700 28563
92720 28567
92740 28570
92760 28578
92780 28596
92800 28617
92820 28646
92840 28659
92860 28670
92880 27925
92900 27950
92920 27985
92940 28015
92960 28052
92980 28069
93000 28097
93020 28112
93042 28115
93062 28149
93082 27918
93102 27934
93122 27952
93142 27974
93162 27964
93182 27906
93202 28040
93222 27905
93242 28527
93262 28645
93282 28529
93302 28437
93322 28120
93342 28083
93362 28068
93382 28099
93402 28137
93422 28458
93442 28508
93462 28564
93482 28595
93502 28612
93522 28632
93542 28646
93562 28652
93582 28426
93602 28441
93622 28454
93642 28485
93659 28501
93679 28551
93699 28580
93719 28624
93739 28658
93759 27920
93779 27940
93799 27955
93819 27979
93839 27993
93859 28012
93879 28033
93899 28054
93919 28082
93939 28098
93959 28107
93979 28096
93999 28012
94019 28661
94285 28513
94305 28537
94325 28570
94345 28587
94365 28588
94385 28605
94405 28621
94425 28632
94445 28647
94465 28664
94485 28430
94505 28460
94525 28485
94545 28515
94565 28544
94585 28579
94605 28601
94625 28619
94645 28639
94665 28653
94685 27917
94705 27935
94725 27960
94745 27984
94765 28002
94785 28024
94805 28038
94825 27987
94845 28649
94865 28508
94885 28626
94913 28491
94933 28137
94953 28057
94973 28019
94993 27992
95013 27979
95033 27990
95053 28055
95073 28110
95093 28433
95113 28479
95133 28506
95153 28521
95173 28532
95193 28554
95213 28576
95233 28588
95253 28602
95273 28606
95541 28631
95561 28663
95581 27924
95601 27938
95621 27964
95641 27972
95661 27966
95681 27907
95701 28566
95721 28439
95741 28560
95761 28442
95781 28102
95801 28046
95821 28017
95841 28007
95861 28018
95881 28080
95901 28141
95921 28470
95941 28518
95961 28555
95981 28577
96001 28596
96021 28614
96041 28619
96061 28628
96081 28636
96101 28663
96121 28425
96141 28460
96157 28468
96177 28503
96197 28525
96217 28552
96237 28582
96257 28602
96277 28633
96297 28650
96317 28669
96337 27912
96357 27925
96377 27949
96397 27966
96417 27998
96437 28023
96457 28043
96477 28040
96497 27999
96517 28664
96537 28543
96557 28668
96577 28545
96597 28442
96617 28130
96637 28097
96657 28088
96677 28103
96697 28140
96717 28461
96737 28534
96757 28594
96791 28615
96811 28650
96831 28669
96851 28426
96871 28439
96891 28442
96911 28448
96931 28472
96951 28500
96971 28527
96991 28546
97011 28570
97031 28600
97051 28632
97071 28660
97091 27913
97111 27940
97131 27961
97151 27976
97171 27991
97191 28008
97211 28030
97231 28045
97251 28063
97271 28085
97291 28113
97311 28117
97331 28071
97351 27979
97371 28601
97391 28439
97410 28532
97430 28432
97450 28084
97470 28007
97490 27976
97510 27975
97530 27998
97550 28041
97570 28104
97590 28444
97610 28500
97630 28538
97650 28567
97670 28587
97690 28607
97710 28621
97730 28636
97750 28653
97770 28425
97790 28451
97810 28486
97830 28507
97850 28539
97870 28574
97890 28605
97910 28629
97930 28654
97950 27905
97970 27930
97990 27947
98010 27978
98038 27966
98058 28011
98078 28020
98098 28043
98118 28067
98138 28091
98158 28097
98178 28068
98198 27971
98218 28606
98238 28452
98258 28549
98278 28424
98298 28078
98318 28006
98338 27968
98358 27956
98378 27968
98398 28012
98656 28455
98676 28499
98696 28531
98716 28563
98736 28600
98756 28628
98776 28664
98796 27936
98816 27950
98836 27981
98856 27995
98876 28024
98896 28046
98916 28060
98936 28083
98956 28118
98976 28146
98996 27924
99016 27926
99036 28134
99056 28020
99076 28644
99096 28498
99116 28605
99136 28478
99156 28122
99176 28055
99196 28047
99216 28032
99236 28059
99256 28113
99284 28426
99304 28505
99324 28571
99344 28611
99364 28646
99384 28663
99404 28426
99424 28441
99444 28437
99464 28465
99484 28489
99504 28509
99524 28539
99544 28556
99564 28594
99584 28624
99604 28670
99624 27939
99644 27952
99913 27927
99933 28107
99953 27965
99973 28570
99993 28422
100013 28545
100033 28440
100053 28107
100073 28075
100093 28057
100113 28073
100133 28132
100153 28448
100173 28532
100193 28601
100213 28637
100233 28417
100253 28427
100273 28452
100293 28458
100313 28473
100333 28479
100353 28492
100373 28526
100393 28559
100413 28589
100433 28617
100453 28644
100473 27909
100493 27955
100513 27991
100531 28000
100551 28043
100571 28063
100591 28082
100611 28099
100631 28126
100651 28154
100671 27917
100691 27935
100711 27965
100731 27972
100751 27992
100771 27982
100791 27909
100811 28037
100831 28654
100851 28509
100871 28638
100891 28546
100911 28479
100931 28449
100951 28440
100971 28475
100991 28519
101011 28596
101031 28668
101051 28468
101071 28509
101091 28534
101111 28548
101131 28553
101154 28558
101174 28581
101194 28598
101214 28624
101234 28633
101254 28660
101274 27915
101294 27948
101314 27974
101334 28026
101354 28047
101374 28073
101394 28100
101414 28121
101434 28141
101454 27905
101474 27924
101494 27948
101514 27968
101534 27980
101554 28005
101574 28031
101594 28067
101614 28079
101634 28028
101654 27909
101674 28031
101694 28657
101714 28533
101734 28429
101754 28629
101784 28569
101804 28575
101824 28585
101844 28625
101864 28445
101884 28512
101904 28573
101924 28612
101944 28648
101964 28657
101984 27904
102004 27911
102024 27929
102044 27941
102064 27966
102084 27988
102104 28004
102124 28041
102144 28062
102164 28083
102184 28105
102204 28143
102224 27913
102244 27947
102264 27978
102284 27993
102304 28001
102324 28030
102344 28051
102364 28065
102384 28078
102401 28083
102421 28137
102441 28159
102461 28136
102481 28050
102501 27904
102521 28009
102541 28613
102561 28477
102581 28620
102601 28549
102621 28503
102641 28474
102661 28462
102681 28486
102701 28539
102721 28613
102741 28671
102761 28471
103033 27919
103053 27964
103073 28007
103093 28040
103113 28065
103133 28079
103153 28107
103173 28115
103193 28129
103213 28149
103233 27917
103253 27942
103273 27973
103293 27986
103313 27969
103333 28140
103353 28001
103373 28625
103393 28462
103413 28582
103433 28481
103453 28154
103473 28101
103493 28085
103513 28095
103533 28127
103553 28440
103573 28522
103593 28589
103613 28645
103633 28425
103650 28421
103670 28457
103690 28478
103710 28496
103730 28511
103750 28535
103770 28569
103790 28592
103810 28612
103830 28643
103850 27907
103870 27931
103890 27966
103910 27991
103930 28021
103950 28040
103970 28067
103990 28087
104010 28105
104279 28513
104299 28447
104319 28140
104339 28111
104359 28106
104379 28133
104399 28438
104419 28506
104439 28568
104459 28616
104479 28659
104499 28434
104519 28446
104539 28457
104559 28460
104579 28482
104599 28498
104619 28527
104639 28551
104659 28575
104679 28619
104699 28645
104719 27905
104739 27941
104759 27979
104779 28010
104799 28049
104819 28070
104839 28085
104859 28087
104879 28113
104908 28115
104928 27916
104948 27950
104968 27969
104988 27987
105008 28001
105028 27970
105048 28141
105068 28004
105088 28635
105108 28482
105128 28610
105148 28506
105168 28431
105188 28143
105208 28136
105228 28153
105248 28450
105268 28515
105288 28575
105308 28629
105328 28664
105348 28428
105368 28439
105388 28453
105408 28470
105428 28486
105448 28496
105468 28514
105488 28543
105508 28557
105531 28571
105551 28607
105571 28645
105591 27914
105611 27944
105631 27973
105651 28014
105671 28036
105691 28065
105711 28086
105731 28095
105751 28110
105771 28134
105791 28154
105811 27914
105831 27928
105851 27941
105871 27928
105891 28113
105911 27996
105931 28606
105951 28475
105971 28618
105991 28538
106011 28480
106031 28460
106051 28459
106071 28492
106091 28537
106111 28602
106131 28652
106153 28429
106173 28485
106193 28504
106213 28512
106233 28521
106253 28523
106273 28537
106293 28547
106313 28572
106333 28594
106353 28617
106373 28635
106393 28668
106413 27926
106433 27951
106453 27972
106473 28006
106493 28019
106513 28039
106533 28060
106553 28074
106573 28090
106593 28113
106613 28145
106633 27918
106653 27934
106673 27941
106693 27915
106713 28075
106733 27942
106753 28568
106785 28419
106805 28580
106825 28505
106845 28453
106865 28448
106885 28453
106905 28494
106925 28536
106945 28599
106965 28655
106985 28450
107005 28478
107025 28496
107045 28497
107065 28505
107085 28506
107105 28531
107125 28544
107145 28570
107165 28592
107185 28623
107205 28647
107225 27906
107245 27922
107265 27935
107285 27964
107305 28004
107325 28016
107345 28035
107365 28050
107385 28062
107407 28067
107427 28111
107447 28144
107467 27908
107487 27907
107507 28156
107527 28073
107547 27955
107567 28565
107587 28662
107607 28519
107627 28156
107647 28079
107667 28031
107687 28014
107707 28019
107727 28053
107747 28108
107767 28438
107787 28508
107807 28552
107827 28582
107847 28600
107867 28620
107887 28617
107907 28637
107927 28654
107947 28429
107967 28462
107987 28488
108007 28508
108024 28523
108044 28574
108064 28604
108084 28625
108104 28651
108124 27916
108144 27945
108164 27959
108184 27976
108204 27993
108224 28008
108244 28026
108264 28064
108284 28080
108304 28092
108324 28069
108344 27993
108364 28631
108384 28476
108646 28493
108666 28519
108686 28535
108706 28544
108726 28561
108746 28567
108766 28591
108786 28618
108806 28651
108826 28420
108846 28454
108866 28476
108886 28515
108906 28545
108926 28559
108946 28592
108966 28629
108986 28645
109006 28664
109026 27920
109046 27934
109066 27960
109086 27983
109106 28004
109126 28015
109146 28026
109166 27990
109186 28665
109206 28515
109226 28617
109246 28469
109279 28078
109299 27989
109319 27933
109339 27921
109359 28158
109379 27922
109399 27979
109419 28042
109439 28110
109459 28420
109479 28470
109499 28495
109519 28502
109539 28509
109559 28513
109579 28538
109599 28568
109619 28580
109639 28606
109659 28628
109679 28658
109699 28433
109719 28466
109739 28488
109759 28518
109779 28549
109799 28590
109819 28610
109839 28628
109859 28634
109879 28656
109902 28657
109922 27924
109942 27956
109962 27976
109982 28012
110002 28020
110022 27995
110042 27909
110062 28542
110082 28638
110102 28491
110122 28109
110142 28023
110162 27966
110182 27933
110202 27935
110222 27954
110242 28000
110262 28075
110282 28146
110302 28447
110322 28482
110342 28509
110362 28520
110382 28541
110402 28544
110422 28552
110442 28571
110462 28588
110482 28615
110502 28653
110519 28656
110539 28453
110559 28483
110579 28509
110599 28540
110619 28575
110639 28591
110659 28613
110679 28637
110699 28660
110719 28663
110739 27911
110759 27944
110779 27976
110799 28009
110819 28032
110839 28046
110859 28013
110879 27920
110899 28555
110919 28666
110939 28521
110959 28425
110979 28091
110999 28050
111019 28036
111039 28062
111059 28103
111079 28432
111099 28492
111119 28556
111154 28583
111174 28627
111194 28633
111214 28648
111234 28647
111254 28651
111274 28659
111294 28422
111314 28445
111334 28472
111354 28489
111374 28522
111394 28543
111414 28578
111434 28613
111454 28646
111474 27909
111494 27933
111514 27946
111534 27968
111554 27986
111574 28009
111594 28031
111614 28047
111634 28073
111654 28084
111674 28076
111694 28018
111714 28669
111734 28526
111754 28639
111772 28484
111792 28135
111812 28050
111832 28012
111852 27990
111872 27992
111892 28027
111912 28073
111932 28146
111952 28462
111972 28506
111992 28542
112012 28550
112032 28570
112052 28575
112072 28586
112092 28603
112112 28615
112132 28632
112152 28654
112172 28440
112192 28462
112212 28493
112232 28536
112252 28556
112272 28587
112292 28611
112312 28624
112332 28643
112352 28667
112372 27918
112400 27949
112420 27967
112440 27987
112460 28018
112480 28044
112500 28034
112520 27958
112540 28596
112560 28425
112580 28515
112600 28109
112620 27981
112640 28159
112660 28105
112680 28073
112700 28075
112720 28103
112740 28158
112760 27980
113021 28573
113041 28620
113061 28643
113081 28430
113101 28452
113121 28483
113141 28507
113161 28523
113181 28541
113201 28565
113221 28581
113241 28601
113261 28625
113281 28654
113301 27916
113321 27927
113341 27909
113361 28581
113381 28437
113401 28533
113421 28126
113441 28000
113461 27908
113481 28100
113501 28062
113521 28055
113541 28068
113561 28118
113581 27924
113601 27997
113621 28061
113649 28086
113669 28133
113689 28155
113709 28430
113729 28442
113749 28453
113769 28475
113789 28493
113809 28519
113829 28554
113849 28578
113869 28613
113889 28655
113909 28434
113929 28478
113949 28505
113969 28526
113989 28549
114009 28571
114267 28428
114287 28051
114307 27931
114327 28098
114347 28038
114367 28009
114387 28003
114407 28011
114427 28013
114447 28018
114467 28008
114487 27963
114507 27912
114527 24535
114547 24441
114567 24331
114587 24466
114607 24348
114627 23977
114647 23860
114667 23973
114687 23842
114707 24486
114727 24426
114747 24508
114767 23814
114787 24338
114807 23989
114827 24330
114847 24338
114867 23900
