0 40902
20 40906
40 40908
60 40911
80 40912
100 40912
120 40903
140 40908
160 40904
180 40905
200 40904
220 40905
240 40900
260 40904
280 40907
300 40912
320 40906
340 40900
360 40904
380 40909
400 40904
420 40906
440 40906
460 40909
480 40913
500 40908
510 40897
530 40902
550 40902
570 40888
590 40871
610 40843
630 40825
650 40809
670 40799
690 40795
710 40792
730 40792
750 40799
770 40799
790 40795
810 40803
830 40804
850 40810
870 40810
890 40806
910 40806
930 40797
950 40802
970 40797
990 40806
1020 40798
1040 40803
1060 40809
1080 40809
1100 40802
1120 40816
1140 40809
1160 40803
1180 40805
1200 40799
1220 40800
1240 40798
1260 40798
1280 40796
1300 40789
1320 40797
1340 40794
1360 40798
1380 40793
1400 40795
1420 40796
1440 40795
1460 40804
1480 40799
1500 40797
1520 40781
1530 40753
1550 40741
1570 40718
1590 40956
1610 40949
1630 40945
1650 40948
1670 40953
1690 40705
1710 40956
1730 40714
1750 40721
1770 40724
1790 40723
1810 40725
1830 40729
1850 40720
1870 40720
1890 40716
1910 40727
1930 40730
1950 40733
1970 40734
1990 40740
2010 40741
2040 40736
2060 40738
2080 40739
2100 40741
2120 40745
2140 40739
2160 40741
2180 40739
2200 40744
2220 40749
2240 40754
2260 40759
2280 40756
2300 40762
2320 40764
2340 40768
2360 40763
2380 40766
2400 40773
2420 40771
2440 40769
2460 40753
2480 40726
2500 40958
2520 40946
2550 40930
2570 40919
2590 40928
2610 40927
2630 40927
2650 40929
2670 40939
2690 40933
2710 40939
2730 40945
2750 40948
2770 40956
2790 40948
2810 40945
2830 40943
2850 40942
2870 40946
2890 40951
2910 40947
2930 40953
2950 40950
2970 40704
2990 40958
3010 40706
3030 40706
3050 40710
3060 40957
3080 40709
3100 40709
3120 40709
3140 40711
3160 40709
3180 40715
3200 40716
3220 40715
3240 40714
3260 40716
3280 40713
3300 40723
3320 40721
3340 40720
3360 40724
3380 40719
3400 40724
3420 40955
3440 40934
3460 40906
3480 40884
3500 40874
3520 40878
3540 40878
3570 40861
3590 40872
3610 40878
3630 40880
3650 40887
3670 40892
3690 40901
3710 40904
3730 40898
3750 40893
3770 40897
3790 40893
3810 40898
3830 40892
3850 40901
3870 40898
3890 40905
3910 40906
3930 40902
3950 40907
3970 40907
3990 40913
4010 40907
4030 40915
4050 40919
4070 40919
4080 40901
4100 40913
4120 40920
4140 40921
4160 40924
4180 40928
4200 40931
4220 40928
4240 40931
4260 40930
4280 40931
4300 40930
4320 40933
4340 40936
4360 40934
4380 40923
4400 40898
4420 40861
4440 40843
4460 40833
4480 40836
4500 40837
4520 40832
4540 40826
4560 40834
4590 40832
4610 40841
4630 40848
4650 40850
4670 40847
4690 40848
4710 40846
4730 40846
4750 40852
4770 40852
4790 40855
4810 40855
4830 40858
4850 40861
4870 40861
4890 40859
4910 40862
4930 40865
4950 40861
4970 40872
4990 40870
5010 40873
5030 40874
5050 40867
5070 40883
5100 40871
5120 40878
5140 40892
5160 40879
5180 40889
5200 40886
5220 40893
5240 40889
5260 40891
5280 40886
5300 40888
5320 40898
5340 40894
5360 40885
5380 40865
5400 40832
5420 40811
5440 40804
5460 40799
5480 40799
5500 40801
5520 40806
5540 40805
5560 40810
5580 40812
5600 40805
5610 40795
5630 40815
5650 40816
5670 40817
5690 40819
5710 40809
5730 40815
5750 40818
5770 40820
5790 40826
5810 40823
5830 40825
5850 40834
5870 40841
5890 40835
5910 40839
5930 40836
5950 40842
5970 40835
5990 40844
6010 40842
6030 40841
6050 40840
6070 40841
6090 40839
6120 40829
6140 40837
6160 40842
6180 40847
6200 40849
6220 40844
6240 40852
6260 40855
6280 40855
6300 40853
6320 40839
6340 40821
6360 40788
6380 40767
6400 40757
6420 40747
6440 40746
6460 40737
6480 40753
6500 40742
6520 40743
6540 40746
6560 40744
6580 40755
6600 40758
6620 40754
6630 40742
6650 40746
6670 40745
6690 40741
6710 40735
6730 40743
6750 40743
6770 40743
6790 40749
6810 40753
6830 40753
6850 40757
6870 40753
6890 40752
6910 40753
6930 40755
6950 40758
6970 40758
6990 40758
7010 40756
7030 40755
7050 40764
7070 40763
7090 40764
7110 40768
7140 40765
7160 40770
7180 40772
7200 40777
7220 40776
7240 40774
7260 40779
7280 40781
7300 40770
7320 40747
7340 40726
7360 40705
7380 40438
7400 40427
7420 40421
7440 40430
7460 40421
7480 40420
7500 40415
7520 40427
7540 40429
7560 40425
7580 40431
7600 40427
7620 40423
7650 40411
7670 40412
7690 40430
7710 40422
7730 40423
7750 40426
7770 40425
7790 40426
7810 40427
7830 40428
7850 40431
7870 40429
7890 40430
7910 40431
7930 40433
7950 40428
7970 40429
7990 40432
8010 40434
8030 40444
8050 40444
8070 40435
8090 40440
8110 40436
8130 40443
8150 40442
8160 40438
8180 40445
8200 40706
8220 40705
8240 40706
8260 40443
8280 40422
8300 40399
8320 40379
8340 40365
8360 40362
8380 40354
8400 40348
8420 40349
8440 40353
8460 40351
8480 40347
8500 40350
8520 40345
8540 40350
8560 40356
8580 40350
8600 40347
8620 40343
8640 40341
8670 40346
8690 40347
8710 40357
8730 40349
8750 40352
8770 40357
8790 40351
8810 40361
8830 40357
8850 40358
8870 40357
8890 40360
8910 40357
8930 40355
8950 40353
8970 40362
8990 40370
9010 40359
9030 40363
9050 40360
9070 40371
9090 40364
9110 40369
9130 40370
9150 40377
9180 40378
9200 40383
9220 40375
9240 40373
9260 40361
9280 40343
9300 40326
9320 40315
9340 40307
9360 40292
9380 40289
9400 40290
9420 40293
9440 40289
9460 40285
9480 40287
9500 40289
9520 40289
9540 40289
9560 40290
9580 40294
9600 40292
9620 40287
9640 40289
9660 40291
9680 40294
9690 40283
9710 40289
9730 40296
9750 40292
9770 40305
9790 40302
9810 40307
9830 40308
9850 40316
9870 40316
9890 40328
9910 40326
9930 40326
9950 40324
9970 40325
9990 40333
10010 40341
10030 40330
10050 40333
10070 40334
10090 40339
10110 40342
10130 40338
10150 40348
10170 40344
10200 40340
10220 40329
10240 40318
10260 40302
10280 40287
10300 40273
10320 40270
10340 40269
10360 40262
10380 40258
10400 40250
10420 40254
10440 40260
10460 40254
10480 40261
10500 40260
10520 40266
10540 40266
10560 40266
10580 40255
10600 40258
10620 40263
10640 40258
10660 40266
10680 40265
10700 40270
10710 40266
10730 40267
10750 40281
10770 40281
10790 40293
10810 40301
10830 40296
10850 40300
10870 40293
10890 40304
10910 40296
10930 40300
10950 40302
10970 40301
10990 40307
11010 40311
11030 40316
11050 40316
11070 40317
11090 40323
11110 40320
11130 40320
11150 40329
11170 40331
11190 40321
11220 40297
11240 40289
11260 40271
11280 40263
11300 40256
11320 40247
11340 40238
11360 40242
11380 40237
11400 40229
11420 40235
11440 40238
11460 40241
11480 40238
11500 40240
11520 40239
11540 40237
11560 40236
11580 40233
11600 40240
11620 40240
11640 40243
11660 40244
11680 40244
11700 40250
11730 40250
11750 40244
11770 40256
11790 40259
11810 40264
11830 40257
11850 40258
11870 40267
11890 40273
11910 40272
11930 40271
11950 40272
11970 40271
11990 40277
12010 40273
12030 40277
12050 40275
12070 40274
12090 40283
12110 40291
12130 40286
12150 40281
12170 40281
12190 40287
12210 40263
12230 40251
12240 40234
12260 40220
12280 40214
12300 40208
12320 40196
12340 40447
12360 40194
12380 40442
12400 40444
12420 40442
12440 40441
12460 40439
12480 40447
12500 40436
12520 40444
12540 40431
12560 40426
12580 40429
12600 40428
12620 40432
12640 40427
12660 40434
12680 40439
12700 40442
12720 40440
12750 40436
12770 40441
12790 40445
12810 40443
12830 40193
12850 40198
12870 40197
12890 40199
12910 40199
12930 40204
12950 40201
12970 40201
12990 40207
13010 40208
13030 40208
13050 40205
13070 40213
13090 40213
13110 40215
13130 40215
13150 40215
13170 40212
13190 40195
13210 40434
13230 40414
13250 40399
13260 40391
13280 40388
13300 40379
13320 40384
13340 40371
13360 40371
13380 40370
13400 40372
13420 40374
13440 40367
13460 40373
13480 40373
13500 40368
13520 40365
13540 40367
13560 40372
13580 40374
13600 40381
13620 40383
13640 40379
13660 40383
13680 40377
13700 40386
13720 40391
13740 40401
13770 40387
13790 40393
13810 40398
13830 40388
13850 40393
13870 40393
13890 40396
13910 40408
13930 40407
13950 40407
13970 40413
13990 40418
14010 40408
14030 40409
14050 40408
14070 40410
14090 40420
14110 40413
14130 40422
14150 40421
14170 40402
14190 40390
14210 40369
14230 40359
14250 40347
14280 40332
14300 40330
14320 40332
14340 40340
14360 40333
14380 40332
14400 40342
14420 40349
14440 40346
14460 40350
14480 40349
14500 40346
14520 40344
14540 40341
14560 40348
14580 40352
14600 40344
14620 40345
14640 40349
14660 40350
14680 40349
14700 40358
14720 40361
14740 40365
14760 40359
14780 40359
14790 40353
14810 40363
14830 40360
14850 40365
14870 40360
14890 40365
14910 40368
14930 40372
14950 40367
14970 40359
14990 40361
15010 40367
15030 40370
15050 40368
15070 40370
15090 40368
15110 40357
15130 40351
15150 40325
15170 40303
15190 40298
15210 40286
15230 40275
15250 40280
15270 40277
15300 40276
15320 40271
15340 40277
15360 40278
15380 40283
15400 40300
15420 40294
15440 40289
15460 40288
15480 40286
15500 40286
15520 40286
15540 40280
15560 40292
15580 40291
15600 40308
15620 40316
15640 40312
15660 40308
15680 40305
15700 40311
15720 40306
15740 40305
15760 40303
15780 40311
15800 40309
15810 40298
15830 40310
15850 40315
15870 40311
15890 40310
15910 40314
15930 40319
15950 40322
15970 40333
15990 40340
16010 40340
16030 40341
16050 40345
16070 40337
16090 40330
16110 40317
16130 40329
16150 40317
16170 40324
16190 40323
16210 40326
16230 40334
16250 40330
16270 40332
16290 40318
16320 40316
16340 40329
16360 40341
16380 40330
16400 40323
16420 40317
16440 40320
16460 40316
16480 40316
16500 40318
16520 40317
16540 40327
16560 40327
16580 40324
16600 40322
16620 40333
16640 40330
16660 40321
16680 40343
16700 40357
16720 40351
16740 40345
16760 40347
16780 40344
16800 40339
16830 40339
16850 40339
16870 40343
16890 40359
16910 40360
16930 40370
16950 40373
16970 40368
16990 40362
17010 40358
17030 40339
17050 40314
17070 40305
17090 40293
17110 40292
17130 40311
17150 40332
17170 40339
17190 40337
17210 40336
17230 40342
17250 40335
17270 40339
17290 40319
17310 40314
17330 40312
17340 40302
17360 40299
17380 40303
17400 40292
17420 40293
17440 40302
17460 40308
17480 40325
17500 40342
17520 40355
17540 40337
17560 40336
17580 40350
17600 40347
17620 40333
17640 40333
17660 40324
17680 40315
17700 40312
17720 40331
17740 40351
17760 40359
17780 40359
17800 40367
17820 40364
17850 40352
17870 40348
17890 40342
17910 40340
17930 40330
17950 40320
17970 40312
17990 40314
18010 40298
18030 40273
18050 40260
18070 40262
18090 40260
18110 40269
18130 40290
18150 40330
18170 40343
18190 40330
18210 40341
18230 40364
18250 40396
18270 40406
18290 40416
18310 40409
18330 40408
18350 40394
18360 40390
18380 40382
18400 40392
18420 40386
18440 40389
18460 40395
18480 40398
18500 40394
18520 40404
18540 40410
18560 40427
18580 40434
18600 40442
18620 40441
18640 40444
18660 40201
18680 40214
18700 40204
18720 40199
18740 40204
18760 40205
18780 40214
18800 40217
18820 40217
18840 40213
18870 40197
18890 40192
18910 40443
18930 40421
18950 40413
18970 40415
18990 40424
19010 40426
19030 40432
19050 40432
19070 40434
19090 40194
19110 40202
19130 40210
19150 40213
19170 40213
19190 40217
19210 40232
19230 40235
19250 40244
19270 40248
19290 40258
19310 40265
19330 40261
19350 40274
19380 40273
19400 40274
19420 40288
19440 40291
19460 40289
19480 40298
19500 40299
19520 40308
19540 40310
19560 40314
19580 40316
19600 40309
19620 40315
19640 40309
19660 40314
19680 40316
19700 40332
19720 40333
19740 40350
19760 40329
19780 40319
19800 40310
19820 40293
19840 40292
19860 40296
19880 40292
19890 40288
19910 40299
19930 40300
19950 40298
19970 40299
19990 40304
20010 40301
20030 40316
20050 40323
20070 40332
20090 40332
20110 40343
20130 40337
20150 40345
20170 40338
20190 40349
20210 40351
20230 40345
20250 40343
20270 40349
20290 40350
20310 40361
20330 40355
20350 40364
20370 40370
20400 40359
20420 40378
20440 40379
20460 40381
20480 40388
20500 40395
20520 40387
20540 40394
20560 40398
20580 40400
20600 40401
20620 40402
20640 40404
20660 40399
20680 40381
20700 40364
20720 40353
20740 40348
20760 40343
20780 40342
20800 40341
20820 40335
20840 40331
20860 40316
20880 40322
20910 40320
20930 40320
20950 40322
20970 40327
20990 40321
21010 40331
21030 40335
21050 40330
21070 40327
21090 40331
21110 40331
21130 40335
21150 40338
21170 40345
21190 40352
21210 40358
21230 40367
21250 40374
21270 40385
21290 40387
21310 40380
21330 40395
21350 40403
21370 40408
21390 40419
21410 40433
21420 40426
21440 40429
21460 40707
21480 40711
21500 40719
21520 40721
21540 40713
21560 40717
21580 40446
21600 40439
21620 40423
21640 40410
21660 40407
21680 40396
21700 40401
21720 40401
21740 40386
21760 40382
21780 40379
21800 40379
21820 40386
21840 40387
21860 40385
21880 40402
21900 40395
21930 40373
21950 40371
21970 40382
21990 40383
22010 40392
22030 40390
22050 40399
22070 40412
22090 40405
22110 40405
22130 40406
22150 40404
22170 40421
22190 40417
22210 40414
22230 40408
22250 40422
22270 40432
22290 40437
22310 40439
22330 40718
22350 40732
22370 40728
22390 40727
22410 40735
22430 40737
22440 40733
22460 40730
22480 40720
22500 40445
22520 40440
22540 40428
22560 40419
22580 40426
22600 40427
22620 40424
22640 40429
22660 40433
22680 40425
22700 40420
22720 40417
22740 40424
22760 40434
22780 40436
22800 40435
22820 40423
22840 40419
22860 40421
22880 40426
22900 40443
22920 40706
22950 40708
22970 40719
22990 40726
23010 40738
23030 40741
23050 40753
23070 40760
23090 40766
23110 40772
23130 40769
23150 40771
23170 40785
23190 40777
23210 40788
23230 40787
23250 40798
23270 40802
23290 40809
23310 40828
23330 40835
23350 40828
23370 40821
23390 40811
23410 40808
23430 40808
23460 40793
23480 40800
23500 40802
23520 40795
23540 40790
23560 40788
23580 40792
23600 40791
23620 40779
23640 40791
23660 40790
23680 40798
23700 40799
23720 40801
23740 40793
23760 40795
23780 40791
23800 40796
23820 40801
23840 40801
23860 40810
23880 40815
23900 40805
23920 40813
23940 40818
23960 40811
23970 40805
23990 40826
24010 40820
24030 40828
24050 40827
24070 40825
24090 40823
24110 40822
24130 40821
24150 40826
24170 40830
24190 40828
24210 40841
24230 40834
24250 40834
24270 40814
24290 40809
24310 40801
24330 40785
24350 40781
24370 40776
24390 40772
24410 40765
24430 40764
24450 40764
24480 40757
24500 40755
24520 40770
24540 40769
24560 40766
24580 40775
24600 40766
24620 40772
24640 40767
24660 40775
24680 40777
24700 40782
24720 40784
24740 40791
24760 40797
24780 40791
24800 40793
24820 40798
24840 40803
24860 40812
24880 40816
24900 40812
24920 40816
24940 40820
24960 40827
24980 40836
24990 40830
25010 40838
25030 40844
25050 40854
25070 40854
25090 40860
25110 40857
25130 40870
25150 40869
25170 40864
25190 40851
25210 40843
25230 40833
25250 40828
25270 40834
25290 40818
25310 40818
25330 40812
25350 40810
25370 40811
25390 40814
25410 40811
25430 40816
25450 40824
25470 40828
25500 40817
25520 40824
25540 40829
25560 40837
25580 40830
25600 40835
25620 40843
25640 40848
25660 40847
25680 40844
25700 40852
25720 40857
25740 40856
25760 40858
25780 40865
25800 40869
25820 40878
25840 40872
25860 40870
25880 40877
25900 40880
25920 40884
25940 40881
25960 40882
25980 40891
26010 40884
26030 40878
26050 40896
26070 40901
26090 40906
26110 40887
26130 40868
26150 40859
26170 40854
26190 40844
26210 40851
26230 40849
26250 40846
26270 40838
26290 40837
26310 40837
26330 40851
26350 40850
26370 40861
26390 40853
26410 40848
26430 40852
26450 40854
26470 40855
26490 40856
26510 40853
26520 40853
26540 40862
26560 40853
26580 40868
26600 40871
26620 40872
26640 40879
26660 40874
26680 40876
26700 40884
26720 40886
26740 40891
26760 40887
26780 40893
26800 40898
26820 40901
26840 40903
26860 40903
26880 40911
26900 40914
26920 40909
26940 40916
26960 40915
26980 40907
27000 40903
27030 40873
27050 40868
27070 40867
27090 40856
27110 40854
27130 40852
27150 40849
27170 40846
27190 40846
27210 40845
27230 40841
27250 40842
27270 40850
27290 40846
27310 40855
27330 40860
27350 40849
27370 40850
27390 40851
27410 40856
27430 40851
27450 40853
27470 40855
27490 40863
27510 40861
27530 40865
27540 40858
27560 40867
27580 40865
27600 40870
27620 40873
27640 40877
27660 40866
27680 40876
27700 40874
27720 40871
27740 40875
27760 40879
27780 40881
27800 40877
27820 40889
27840 40887
27860 40884
27880 40879
27900 40861
27920 40841
27940 40826
27960 40829
27980 40825
28000 40818
28020 40819
28050 40807
28070 40812
28090 40812
28110 40809
28130 40812
28150 40814
28170 40814
28190 40806
28210 40814
28230 40811
28250 40810
28270 40805
28290 40820
28310 40804
28330 40813
28350 40813
28370 40811
28390 40819
28410 40823
28430 40823
28450 40832
28470 40826
28490 40835
28510 40835
28530 40834
28560 40825
28580 40836
28600 40840
28620 40839
28640 40837
28660 40844
28680 40845
28700 40848
28720 40850
28740 40851
28760 40850
28780 40853
28800 40852
28820 40833
28840 40818
28860 40802
28880 40792
28900 40789
28920 40787
28940 40789
28960 40780
28980 40771
29000 40765
29020 40772
29040 40771
29060 40764
29070 40758
29090 40769
29110 40768
29130 40773
29150 40773
29170 40769
29190 40768
29210 40770
29230 40772
29250 40771
29270 40776
29290 40780
29310 40786
29330 40786
29350 40792
29370 40787
29390 40790
29410 40792
29430 40794
29450 40796
29470 40799
29490 40798
29510 40803
29530 40806
29550 40810
29580 40809
29600 40814
29620 40815
29640 40826
29660 40825
29680 40824
29700 40829
29720 40824
29740 40818
29760 40794
29780 40781
29800 40769
29820 40753
29840 40752
29860 40747
29880 40749
29900 40738
29920 40737
29940 40723
29960 40730
29980 40729
30000 40729
30020 40728
30040 40728
30060 40724
30080 40727
30090 40712
30110 40718
30130 40722
30150 40722
30170 40723
30190 40731
30210 40729
30230 40734
30250 40745
30270 40749
30290 40746
30310 40754
30330 40759
30350 40759
30370 40753
30390 40757
30410 40759
30430 40763
30450 40762
30470 40764
30490 40770
30510 40777
30530 40780
30550 40784
30570 40778
30600 40781
30620 40790
30640 40797
30660 40790
30680 40782
30700 40765
30720 40747
30740 40737
30760 40740
30780 40726
30800 40733
30820 40720
30840 40726
30860 40733
30880 40732
30900 40731
30920 40732
30940 40735
30960 40740
30980 40736
31000 40734
31020 40728
31040 40731
31060 40730
31080 40733
31110 40727
31130 40733
31150 40740
31170 40741
31190 40746
31210 40751
31230 40755
31250 40764
31270 40764
31290 40771
31310 40768
31330 40771
31350 40773
31370 40769
31390 40779
31410 40787
31430 40786
31450 40783
31470 40793
31490 40792
31510 40796
31530 40793
31550 40795
31570 40796
31590 40792
31610 40780
31620 40745
31640 40741
31660 40734
31680 40735
31700 40730
31720 40731
31740 40728
31760 40727
31780 40727
31800 40729
31820 40728
31840 40732
31860 40732
31880 40733
31900 40729
31920 40728
31940 40734
31960 40735
31980 40732
32000 40736
32020 40741
32040 40739
32060 40746
32080 40749
32100 40749
32130 40746
32150 40761
32170 40760
32190 40766
32210 40771
32230 40769
32250 40770
32270 40773
32290 40770
32310 40774
32330 40782
32350 40779
32370 40786
32390 40781
32410 40789
32430 40806
32450 40802
32470 40797
32490 40799
32510 40784
32530 40765
32550 40755
32570 40751
32590 40741
32610 40744
32640 40738
32660 40730
32680 40732
32700 40735
32720 40734
32740 40738
32760 40745
32780 40741
32800 40739
32820 40749
32840 40740
32860 40739
32880 40745
32900 40745
32920 40745
32940 40754
32960 40758
32980 40760
33000 40757
33020 40763
33040 40766
33060 40773
33080 40770
33100 40770
33120 40774
33140 40778
33150 40781
33170 40778
33190 40785
33210 40786
33230 40788
33250 40789
33270 40798
33290 40798
33310 40798
33330 40803
33350 40807
33370 40804
33390 40810
33410 40809
33430 40785
33450 40760
33470 40753
33490 40744
33510 40748
33530 40745
33550 40743
33570 40743
33590 40741
33610 40735
33630 40736
33660 40734
33680 40741
33700 40748
33720 40749
33740 40751
33760 40748
33780 40745
33800 40746
33820 40751
33840 40749
33860 40759
33880 40763
33900 40764
33920 40765
33940 40765
33960 40767
33980 40767
34000 40771
34020 40771
34040 40774
34060 40780
34080 40782
34100 40781
34120 40786
34140 40777
34160 40779
34170 40771
34190 40785
34210 40784
34230 40790
34250 40787
34270 40796
34290 40797
34310 40800
34330 40803
34350 40795
34370 40776
34390 40765
34410 40747
34430 40744
34450 40732
34470 40731
34490 40728
34510 40722
34530 40723
34550 40717
34570 40715
34590 40720
34610 40726
34630 40722
34650 40729
34680 40722
34700 40729
34720 40732
34740 40732
34760 40734
34780 40733
34800 40742
34820 40740
34840 40745
34860 40747
34880 40750
34900 40750
34920 40751
34940 40749
34960 40758
34980 40760
35000 40765
35020 40765
35040 40769
35060 40765
35080 40767
35100 40773
35120 40776
35140 40780
35160 40783
35190 40780
35210 40784
35230 40793
35250 40795
35270 40798
35290 40801
35310 40801
35330 40805
35350 40784
35370 40766
35390 40750
35410 40741
35430 40737
35450 40734
35470 40736
35490 40727
35510 40730
35530 40726
35550 40729
35570 40734
35590 40741
35610 40739
35630 40749
35650 40746
35670 40743
35690 40743
35700 40738
35720 40742
35740 40743
35760 40742
35780 40753
35800 40752
35820 40766
35840 40764
35860 40769
35880 40769
35900 40777
35920 40775
35940 40781
35960 40782
35980 40784
36000 40781
36020 40781
36040 40781
36060 40787
36080 40795
36100 40796
36120 40798
36140 40794
36160 40798
36180 40798
36210 40793
36230 40797
36250 40803
36270 40788
36290 40763
36310 40737
36330 40727
36350 40723
36370 40719
36390 40713
36410 40722
36430 40715
36450 40721
36470 40734
36490 40729
36510 40729
36530 40734
36550 40736
36570 40727
36590 40733
36610 40739
36630 40738
36650 40741
36670 40740
36690 40748
36710 40751
36720 40751
36740 40755
36760 40755
36780 40765
36800 40770
36820 40774
36840 40784
36860 40786
36880 40790
36900 40788
36920 40784
36940 40778
36960 40789
36980 40797
37000 40803
37020 40805
37040 40805
37060 40808
37080 40798
37100 40796
37120 40786
37140 40797
37160 40802
37180 40803
37200 40787
37230 40769
37250 40754
37270 40749
37290 40746
37310 40737
37330 40744
37350 40758
37370 40759
37390 40753
37410 40737
37430 40730
37450 40737
37470 40736
37490 40740
37510 40751
37530 40760
37550 40757
37570 40757
37590 40750
37610 40746
37630 40744
37650 40757
37670 40765
37690 40760
37710 40752
37740 40751
37760 40752
37780 40764
37800 40788
37820 40799
37840 40803
37860 40812
37880 40812
37900 40814
37920 40821
37940 40817
37960 40829
37980 40833
38000 40836
38020 40838
38040 40828
38060 40824
38080 40821
38100 40816
38120 40808
38140 40786
38160 40764
38180 40743
38200 40728
38220 40708
38240 40440
38250 40424
38270 40436
38290 40438
38310 40433
38330 40431
38350 40434
38370 40439
38390 40445
38410 40439
38430 40431
38450 40425
38470 40423
38490 40421
38510 40418
38530 40417
38550 40420
38570 40425
38590 40417
38610 40420
38630 40425
38650 40429
38670 40441
38690 40433
38710 40433
38730 40431
38760 40436
38780 40437
38800 40439
38820 40441
38840 40434
38860 40439
38880 40446
38900 40438
38920 40442
38940 40437
38960 40442
38980 40710
39000 40711
39020 40707
39040 40709
39060 40443
39080 40418
39100 40409
39120 40400
39140 40404
39160 40394
39180 40397
39200 40398
39220 40396
39240 40397
39260 40403
39270 40399
39290 40406
39310 40419
39330 40426
39350 40410
39370 40404
39390 40399
39410 40404
39430 40406
39450 40417
39470 40412
39490 40398
39510 40400
39530 40409
39550 40413
39570 40417
39590 40414
39610 40414
39630 40419
39650 40421
39670 40410
39690 40418
39710 40420
39730 40416
39750 40425
39780 40410
39800 40431
39820 40436
39840 40434
39860 40443
39880 40441
39900 40705
39920 40707
39940 40435
39960 40401
39980 40386
40000 40370
40020 40367
40040 40366
40060 40353
40080 40353
40100 40351
40120 40345
40140 40345
40160 40346
40180 40338
40200 40346
40220 40351
40240 40358
40260 40354
40290 40343
40310 40342
40330 40345
40350 40358
40370 40357
40390 40359
40410 40358
40430 40370
40450 40363
40470 40368
40490 40365
40510 40365
40530 40368
40550 40376
40570 40375
40590 40366
40610 40382
40630 40379
40650 40385
40670 40383
40690 40397
40710 40403
40730 40412
40750 40409
40770 40417
40790 40419
40800 40417
40820 40426
40840 40425
40860 40402
40880 40374
40900 40356
40920 40338
40940 40332
40960 40336
40980 40327
41000 40326
41020 40324
41040 40321
41060 40322
41080 40326
41100 40338
41120 40349
41140 40348
41160 40344
41180 40352
41200 40357
41220 40355
41240 40356
41260 40359
41280 40374
41310 40380
41330 40379
41350 40388
41370 40394
41390 40403
41410 40407
41430 40417
41450 40415
41470 40404
41490 40409
41510 40407
41530 40410
41550 40410
41570 40421
41590 40424
41610 40426
41630 40426
41650 40429
41670 40434
41690 40430
41710 40431
41730 40439
41750 40438
41770 40447
41790 40709
41810 40438
41820 40414
41840 40404
41860 40382
41880 40372
41900 40370
41920 40367
41940 40362
41960 40351
41980 40352
42000 40361
42020 40361
42040 40360
42060 40363
42080 40368
42100 40372
42120 40365
42140 40366
42160 40367
42180 40370
42200 40373
42220 40381
42240 40378
42260 40382
42280 40393
42300 40398
42330 40387
42350 40388
42370 40397
42390 40405
42410 40396
42430 40392
42450 40403
42470 40404
42490 40407
42510 40413
42530 40412
42550 40411
42570 40410
42590 40411
42610 40410
42630 40412
42650 40412
42670 40414
42690 40409
42710 40419
42730 40410
42750 40405
42770 40401
42790 40382
42810 40356
42840 40335
42860 40314
42880 40311
42900 40315
42920 40318
42940 40323
42960 40324
42980 40314
43000 40322
43020 40335
43040 40347
43060 40357
43080 40353
43100 40359
43120 40368
43140 40366
43160 40372
43180 40377
43200 40380
43220 40374
43240 40384
43260 40375
43280 40380
43300 40384
43320 40380
43340 40378
43350 40372
43370 40381
43390 40378
43410 40394
43430 40390
43450 40392
43470 40393
43490 40395
43510 40397
43530 40394
43550 40400
43570 40405
43590 40411
43610 40415
43630 40422
43650 40430
43670 40432
43690 40437
43710 40433
43730 40437
43750 40434
43770 40416
43790 40394
43810 40374
43830 40374
43860 40370
43880 40384
43900 40382
43920 40383
43940 40389
43960 40399
43980 40403
44000 40402
44020 40400
44040 40396
44060 40405
44080 40402
44100 40404
44120 40399
44140 40392
44160 40396
44180 40397
44200 40402
44220 40399
44240 40411
44260 40412
44280 40404
44300 40413
44320 40412
44340 40417
44370 40415
44390 40410
44410 40413
44430 40415
44450 40421
44470 40423
44490 40426
44510 40428
44530 40427
44550 40428
44570 40436
44590 40435
44610 40440
44630 40433
44650 40704
44670 40446
44690 40442
44710 40418
44730 40396
44750 40383
44770 40377
44790 40374
44810 40367
44830 40362
44850 40367
44870 40368
44880 40359
44900 40364
44920 40369
44940 40380
44960 40378
44980 40376
45000 40382
45020 40379
45040 40388
45060 40387
45080 40387
45100 40388
45120 40388
45140 40395
45160 40400
45180 40399
45200 40401
45220 40414
45240 40421
45260 40423
45280 40420
45300 40426
45320 40428
45340 40437
45360 40442
45390 40446
45410 40708
45430 40714
45450 40721
45470 40724
45490 40731
45510 40724
45530 40724
45550 40726
45570 40722
45590 40732
45610 40737
45630 40720
45650 40441
45670 40408
45690 40390
45710 40383
45730 40378
45750 40374
45770 40390
45790 40390
45810 40390
45830 40384
45850 40379
45870 40384
45890 40394
