0 0 0 60 0 750 1
20 0 0 60 0 730 1
40 0 0 60 0 710 1
60 0 0 60 0 690 1
80 0 0 60 0 670 1
100 0 0 60 0 650 1
120 0 0 60 0 630 1
140 1 0 60 0 610 1
160 1 0 60 0 590 1
180 1 0 60 0 570 1
200 1 0 60 0 550 1
220 1 0 60 0 530 1
240 1 0 60 0 510 1
260 1 0 60 0 490 1
280 0 0 60 0 470 1
300 0 0 60 0 450 1
320 0 0 60 0 430 1
340 0 0 60 0 410 1
360 0 0 60 0 390 1
380 0 0 60 0 370 1
400 0 0 60 0 350 1
420 0 0 60 0 330 1
440 0 0 60 0 310 1
460 0 0 60 0 290 1
480 0 0 60 0 270 1
500 0 0 60 0 250 1
510 0 0 60 0 240 1
530 0 0 60 0 220 1
550 0 0 60 0 200 1
570 0 0 60 0 180 1
590 0 0 60 0 160 1
610 -2 0 60 0 750 1
630 -4 0 60 0 730 1
650 -7 0 60 0 710 1
670 -10 0 60 0 690 1
690 -14 0 60 0 670 1
710 -19 0 60 0 650 1
730 -22 0 60 0 630 1
750 -26 0 60 0 610 1
770 -30 0 60 0 590 1
790 -31 0 60 0 570 1
810 -33 0 60 0 550 1
830 -33 0 60 0 530 1
850 -33 0 60 0 510 1
870 -31 0 60 0 490 1
890 -30 0 60 0 470 1
910 -27 0 60 0 450 1
930 -23 0 60 0 430 1
950 -20 0 60 0 410 1
970 -17 0 60 0 390 1
990 -13 0 60 0 370 1
1020 -10 0 60 0 340 1
1040 -7 0 60 0 320 1
1060 -3 0 60 0 300 1
1080 0 0 60 0 280 1
1100 3 0 60 0 260 1
1120 5 0 60 0 240 1
1140 8 0 60 0 220 1
1160 12 0 60 0 200 1
1180 14 0 60 0 180 1
1200 15 0 60 0 160 1
1220 17 0 60 0 140 1
1240 18 0 60 0 120 1
1260 19 0 60 0 100 1
1280 19 0 60 0 80 1
1300 19 0 60 0 60 1
1320 19 0 60 0 40 1
1340 19 0 60 0 20 1
1360 18 0 60 0 0 1
1380 18 0 60 0 980 1
1400 16 0 60 0 960 1
1420 16 0 60 0 940 1
1440 15 0 60 0 920 1
1460 14 0 60 0 900 1
1480 13 0 60 0 880 1
1500 13 0 60 0 860 1
1520 12 0 60 0 840 1
1530 11 0 60 0 830 1
1550 9 0 60 0 810 1
1570 6 0 60 0 790 1
1590 4 0 60 0 770 1
1610 5 0 60 0 750 1
1630 9 0 60 0 730 1
1650 15 0 60 0 710 1
1670 21 0 60 0 690 1
1690 27 0 60 0 670 1
1710 30 0 60 0 650 1
1730 32 0 60 0 630 1
1750 30 0 60 0 610 1
1770 25 0 60 0 590 1
1790 19 0 60 0 570 1
1810 12 0 60 0 550 1
1830 4 0 60 0 530 1
1850 -4 1240 48 100 844 0.888027
1870 -11 0 48 100 824 0.888027
1890 -18 0 48 100 804 0.888027
1910 -25 0 48 100 784 0.888027
1930 -30 0 48 100 764 0.888027
1950 -33 0 48 100 744 0.888027
1970 -37 0 48 100 724 0.888027
1990 -38 0 48 100 704 0.888027
2010 -38 0 48 100 684 0.888027
2040 -37 0 48 100 654 0.888027
2060 -35 0 48 100 634 0.888027
2080 -33 0 48 100 614 0.888027
2100 -30 0 48 100 594 0.888027
2120 -26 0 48 100 574 0.888027
2140 -23 0 48 100 554 0.888027
2160 -19 0 48 100 534 0.888027
2180 -15 0 48 100 514 0.888027
2200 -12 0 48 100 494 0.888027
2220 -7 0 48 100 474 0.888027
2240 -4 0 48 100 454 0.888027
2260 0 0 48 100 434 0.888027
2280 3 0 48 100 414 0.888027
2300 7 0 48 100 394 0.888027
2320 9 0 48 100 374 0.888027
2340 13 0 48 100 354 0.888027
2360 15 0 48 100 334 0.888027
2380 18 0 48 100 314 0.888027
2400 20 0 48 100 294 0.888027
2420 22 0 48 100 274 0.888027
2440 23 0 48 100 254 0.888027
2460 24 0 48 100 234 0.888027
2480 24 0 48 100 214 0.888027
2500 24 0 48 100 194 0.888027
2520 27 0 48 100 174 0.888027
2550 32 0 48 100 144 0.888027
2570 37 0 48 100 124 0.888027
2590 43 0 48 100 104 0.888027
2610 49 0 48 100 84 0.888027
2630 54 0 48 100 64 0.888027
2650 58 0 48 100 44 0.888027
2670 60 0 48 100 24 0.888027
2690 62 0 48 100 4 0.888027
2710 62 0 48 100 1110 0.888027
2730 62 0 48 100 1090 0.888027
2750 60 0 48 100 1070 0.888027
2770 58 0 48 100 1050 0.888027
2790 54 0 48 100 1030 0.888027
2810 50 0 48 100 1010 0.888027
2830 46 0 48 100 990 0.888027
2850 40 0 48 100 970 0.888027
2870 34 0 48 100 950 0.888027
2890 28 0 48 100 930 0.888027
2910 22 0 48 100 910 0.888027
2930 15 0 48 100 890 0.888027
2950 9 0 48 100 870 0.888027
2970 2 0 48 100 850 0.888027
2990 -5 1140 50 100 849 0.88275
3010 -15 0 50 100 829 0.88275
3030 -27 0 50 100 809 0.88275
3050 -40 0 50 100 789 0.88275
3060 -52 0 50 100 779 0.88275
3080 -62 0 50 100 759 0.88275
3100 -71 0 50 100 739 0.88275
3120 -79 0 50 100 719 0.88275
3140 -87 0 50 100 699 0.88275
3160 -94 0 50 100 679 0.88275
3180 -98 0 50 100 659 0.88275
3200 -101 0 50 100 639 0.88275
3220 -102 0 50 100 619 0.88275
3240 -102 0 50 100 599 0.88275
3260 -99 0 50 100 579 0.88275
3280 -95 0 50 100 559 0.88275
3300 -90 0 50 100 539 0.88275
3320 -84 0 50 100 519 0.88275
3340 -77 0 50 100 499 0.88275
3360 -69 0 50 100 479 0.88275
3380 -60 0 50 100 459 0.88275
3400 -51 0 50 100 439 0.88275
3420 -41 0 50 100 419 0.88275
3440 -28 0 50 100 399 0.88275
3460 -12 0 50 100 379 0.88275
3480 4 0 50 100 359 0.88275
3500 20 0 50 100 339 0.88275
3520 35 0 50 100 319 0.88275
3540 48 0 50 100 299 0.88275
3570 58 0 50 100 269 0.88275
3590 66 0 50 100 249 0.88275
3610 73 0 50 100 229 0.88275
3630 77 0 50 100 209 0.88275
3650 81 0 50 100 189 0.88275
3670 82 0 50 100 169 0.88275
3690 81 0 50 100 149 0.88275
3710 80 0 50 100 129 0.88275
3730 78 0 50 100 109 0.88275
3750 75 0 50 100 89 0.88275
3770 71 0 50 100 69 0.88275
3790 67 0 50 100 49 0.88275
3810 61 0 50 100 29 0.88275
3830 55 0 50 100 9 0.88275
3850 50 0 50 100 1121 0.88275
3870 43 0 50 100 1101 0.88275
3890 37 0 50 100 1081 0.88275
3910 31 0 50 100 1061 0.88275
3930 25 0 50 100 1041 0.88275
3950 19 0 50 100 1021 0.88275
3970 14 0 50 100 1001 0.88275
3990 8 0 50 100 981 0.88275
4010 5 0 50 100 961 0.88275
4030 0 0 50 100 941 0.88275
4050 -2 1060 52 100 819 0.915573
4070 -6 0 52 100 799 0.915573
4080 -8 0 52 100 789 0.915573
4100 -11 0 52 100 769 0.915573
4120 -14 0 52 100 749 0.915573
4140 -15 0 52 100 729 0.915573
4160 -16 0 52 100 709 0.915573
4180 -17 0 52 100 689 0.915573
4200 -18 0 52 100 669 0.915573
4220 -18 0 52 100 649 0.915573
4240 -18 0 52 100 629 0.915573
4260 -18 0 52 100 609 0.915573
4280 -17 0 52 100 589 0.915573
4300 -17 0 52 100 569 0.915573
4320 -17 0 52 100 549 0.915573
4340 -15 0 52 100 529 0.915573
4360 -15 0 52 100 509 0.915573
4380 -15 0 52 100 489 0.915573
4400 -14 0 52 100 469 0.915573
4420 -14 0 52 100 449 0.915573
4440 -17 0 52 100 429 0.915573
4460 -18 0 52 100 409 0.915573
4480 -22 0 52 100 389 0.915573
4500 -26 0 52 100 369 0.915573
4520 -29 0 52 100 349 0.915573
4540 -32 0 52 100 329 0.915573
4560 -36 0 52 100 309 0.915573
4590 -37 0 52 100 279 0.915573
4610 -39 0 52 100 259 0.915573
4630 -40 0 52 100 239 0.915573
4650 -40 0 52 100 219 0.915573
4670 -38 0 52 100 199 0.915573
4690 -37 0 52 100 179 0.915573
4710 -33 0 52 100 159 0.915573
4730 -31 0 52 100 139 0.915573
4750 -27 0 52 100 119 0.915573
4770 -23 0 52 100 99 0.915573
4790 -20 0 52 100 79 0.915573
4810 -16 0 52 100 59 0.915573
4830 -12 0 52 100 39 0.915573
4850 -8 0 52 100 19 0.915573
4870 -4 0 52 100 1091 0.915573
4890 0 0 52 100 1071 0.915573
4910 3 0 52 100 1051 0.915573
4930 6 0 52 100 1031 0.915573
4950 9 0 52 100 1011 0.915573
4970 12 0 52 100 991 0.915573
4990 14 0 52 100 971 0.915573
5010 17 0 52 100 951 0.915573
5030 19 0 52 100 931 0.915573
5050 20 0 52 100 911 0.915573
5070 21 0 52 100 891 0.915573
5100 22 0 52 100 861 0.915573
5120 23 0 52 100 841 0.915573
5140 23 0 52 100 821 0.915573
5160 23 0 52 100 801 0.915573
5180 23 0 52 100 781 0.915573
5200 23 0 52 100 761 0.915573
5220 23 0 52 100 741 0.915573
5240 22 0 52 100 721 0.915573
5260 22 0 52 100 701 0.915573
5280 21 0 52 100 681 0.915573
5300 20 0 52 100 661 0.915573
5320 18 0 52 100 641 0.915573
5340 17 0 52 100 621 0.915573
5360 16 0 52 100 601 0.915573
5380 15 0 52 100 581 0.915573
5400 12 0 52 100 561 0.915573
5420 9 0 52 100 541 0.915573
5440 5 0 52 100 521 0.915573
5460 0 0 52 100 501 0.915573
5480 -5 1430 49 100 951 0.787777
5500 -10 0 49 100 931 0.787777
5520 -15 0 49 100 911 0.787777
5540 -19 0 49 100 891 0.787777
5560 -23 0 49 100 871 0.787777
5580 -25 0 49 100 851 0.787777
5600 -28 0 49 100 831 0.787777
5610 -29 0 49 100 821 0.787777
5630 -30 0 49 100 801 0.787777
5650 -29 0 49 100 781 0.787777
5670 -28 0 49 100 761 0.787777
5690 -26 0 49 100 741 0.787777
5710 -24 0 49 100 721 0.787777
5730 -21 0 49 100 701 0.787777
5750 -19 0 49 100 681 0.787777
5770 -15 0 49 100 661 0.787777
5790 -12 0 49 100 641 0.787777
5810 -10 0 49 100 621 0.787777
5830 -6 0 49 100 601 0.787777
5850 -2 0 49 100 581 0.787777
5870 0 0 49 100 561 0.787777
5890 3 0 49 100 541 0.787777
5910 6 0 49 100 521 0.787777
5930 9 0 49 100 501 0.787777
5950 12 0 49 100 481 0.787777
5970 14 0 49 100 461 0.787777
5990 16 0 49 100 441 0.787777
6010 17 0 49 100 421 0.787777
6030 19 0 49 100 401 0.787777
6050 19 0 49 100 381 0.787777
6070 19 0 49 100 361 0.787777
6090 20 0 49 100 341 0.787777
6120 20 0 49 100 311 0.787777
6140 19 0 49 100 291 0.787777
6160 18 0 49 100 271 0.787777
6180 17 0 49 100 251 0.787777
6200 16 0 49 100 231 0.787777
6220 15 0 49 100 211 0.787777
6240 14 0 49 100 191 0.787777
6260 13 0 49 100 171 0.787777
6280 12 0 49 100 151 0.787777
6300 11 0 49 100 131 0.787777
6320 10 0 49 100 111 0.787777
6340 9 0 49 100 91 0.787777
6360 7 0 49 100 71 0.787777
6380 5 0 49 100 51 0.787777
6400 1 0 49 100 31 0.787777
6420 -3 940 51 100 791 0.947703
6440 -8 0 51 100 771 0.947703
6460 -13 0 51 100 751 0.947703
6480 -18 0 51 100 731 0.947703
6500 -22 0 51 100 711 0.947703
6520 -26 0 51 100 691 0.947703
6540 -29 0 51 100 671 0.947703
6560 -32 0 51 100 651 0.947703
6580 -34 0 51 100 631 0.947703
6600 -33 0 51 100 611 0.947703
6620 -34 0 51 100 591 0.947703
6630 -32 0 51 100 581 0.947703
6650 -30 0 51 100 561 0.947703
6670 -28 0 51 100 541 0.947703
6690 -26 0 51 100 521 0.947703
6710 -23 0 51 100 501 0.947703
6730 -20 0 51 100 481 0.947703
6750 -17 0 51 100 461 0.947703
6770 -14 0 51 100 441 0.947703
6790 -11 0 51 100 421 0.947703
6810 -8 0 51 100 401 0.947703
6830 -5 0 51 100 381 0.947703
6850 -1 0 51 100 361 0.947703
6870 2 0 51 100 341 0.947703
6890 5 0 51 100 321 0.947703
6910 7 0 51 100 301 0.947703
6930 10 0 51 100 281 0.947703
6950 13 0 51 100 261 0.947703
6970 14 0 51 100 241 0.947703
6990 16 0 51 100 221 0.947703
7010 18 0 51 100 201 0.947703
7030 19 0 51 100 181 0.947703
7050 20 0 51 100 161 0.947703
7070 21 0 51 100 141 0.947703
7090 21 0 51 100 121 0.947703
7110 21 0 51 100 101 0.947703
7140 21 0 51 100 71 0.947703
7160 22 0 51 100 51 0.947703
7180 21 0 51 100 31 0.947703
7200 21 0 51 100 11 0.947703
7220 21 0 51 100 1046 0.947703
7240 21 0 51 100 1026 0.947703
7260 20 0 51 100 1006 0.947703
7280 19 0 51 100 986 0.947703
7300 19 0 51 100 966 0.947703
7320 18 0 51 100 946 0.947703
7340 15 0 51 100 926 0.947703
7360 13 0 51 100 906 0.947703
7380 8 0 51 100 886 0.947703
7400 0 0 51 100 866 0.947703
7420 -13 1000 52 100 772 0.970136
7440 -30 0 52 100 752 0.970136
7460 -45 0 52 100 732 0.970136
7480 -61 0 52 100 712 0.970136
7500 -75 0 52 100 692 0.970136
7520 -87 0 52 100 672 0.970136
7540 -97 0 52 100 652 0.970136
7560 -104 0 52 100 632 0.970136
7580 -108 0 52 100 612 0.970136
7600 -109 0 52 100 592 0.970136
7620 -107 0 52 100 572 0.970136
7650 -103 0 52 100 542 0.970136
7670 -98 0 52 100 522 0.970136
7690 -91 0 52 100 502 0.970136
7710 -82 0 52 100 482 0.970136
7730 -72 0 52 100 462 0.970136
7750 -61 0 52 100 442 0.970136
7770 -50 0 52 100 422 0.970136
7790 -39 0 52 100 402 0.970136
7810 -27 0 52 100 382 0.970136
7830 -16 0 52 100 362 0.970136
7850 -4 0 52 100 342 0.970136
7870 5 0 52 100 322 0.970136
7890 16 0 52 100 302 0.970136
7910 25 0 52 100 282 0.970136
7930 34 0 52 100 262 0.970136
7950 41 0 52 100 242 0.970136
7970 48 0 52 100 222 0.970136
7990 53 0 52 100 202 0.970136
8010 58 0 52 100 182 0.970136
8030 62 0 52 100 162 0.970136
8050 65 0 52 100 142 0.970136
8070 67 0 52 100 122 0.970136
8090 69 0 52 100 102 0.970136
8110 69 0 52 100 82 0.970136
8130 70 0 52 100 62 0.970136
8150 68 0 52 100 42 0.970136
8160 67 0 52 100 32 0.970136
8180 66 0 52 100 12 0.970136
8200 65 0 52 100 1022 0.970136
8220 67 0 52 100 1002 0.970136
8240 74 0 52 100 982 0.970136
8260 79 0 52 100 962 0.970136
8280 83 0 52 100 942 0.970136
8300 81 0 52 100 922 0.970136
8320 76 0 52 100 902 0.970136
8340 68 0 52 100 882 0.970136
8360 58 0 52 100 862 0.970136
8380 46 0 52 100 842 0.970136
8400 32 0 52 100 822 0.970136
8420 19 0 52 100 802 0.970136
8440 7 0 52 100 782 0.970136
8460 -3 1040 53 100 779 0.962291
8480 -14 0 53 100 759 0.962291
8500 -23 0 53 100 739 0.962291
8520 -31 0 53 100 719 0.962291
8540 -37 0 53 100 699 0.962291
8560 -42 0 53 100 679 0.962291
8580 -45 0 53 100 659 0.962291
8600 -46 0 53 100 639 0.962291
8620 -47 0 53 100 619 0.962291
8640 -47 0 53 100 599 0.962291
8670 -45 0 53 100 569 0.962291
8690 -43 0 53 100 549 0.962291
8710 -39 0 53 100 529 0.962291
8730 -36 0 53 100 509 0.962291
8750 -32 0 53 100 489 0.962291
8770 -27 0 53 100 469 0.962291
8790 -22 0 53 100 449 0.962291
8810 -17 0 53 100 429 0.962291
8830 -13 0 53 100 409 0.962291
8850 -8 0 53 100 389 0.962291
8870 -4 0 53 100 369 0.962291
8890 0 0 53 100 349 0.962291
8910 4 0 53 100 329 0.962291
8930 8 0 53 100 309 0.962291
8950 11 0 53 100 289 0.962291
8970 13 0 53 100 269 0.962291
8990 15 0 53 100 249 0.962291
9010 18 0 53 100 229 0.962291
9030 20 0 53 100 209 0.962291
9050 21 0 53 100 189 0.962291
9070 22 0 53 100 169 0.962291
9090 22 0 53 100 149 0.962291
9110 23 0 53 100 129 0.962291
9130 24 0 53 100 109 0.962291
9150 23 0 53 100 89 0.962291
9180 24 0 53 100 59 0.962291
9200 23 0 53 100 39 0.962291
9220 23 0 53 100 19 0.962291
9240 22 0 53 100 1038 0.962291
9260 22 0 53 100 1018 0.962291
9280 21 0 53 100 998 0.962291
9300 19 0 53 100 978 0.962291
9320 16 0 53 100 958 0.962291
9340 13 0 53 100 938 0.962291
9360 9 0 53 100 918 0.962291
9380 4 0 53 100 898 0.962291
9400 0 0 53 100 878 0.962291
9420 -4 960 54 100 744 1.0066
9440 -8 0 54 100 724 1.0066
9460 -13 0 54 100 704 1.0066
9480 -16 0 54 100 684 1.0066
9500 -19 0 54 100 664 1.0066
9520 -21 0 54 100 644 1.0066
9540 -22 0 54 100 624 1.0066
9560 -22 0 54 100 604 1.0066
9580 -23 0 54 100 584 1.0066
9600 -22 0 54 100 564 1.0066
9620 -21 0 54 100 544 1.0066
9640 -19 0 54 100 524 1.0066
9660 -17 0 54 100 504 1.0066
9680 -15 0 54 100 484 1.0066
9690 -13 0 54 100 474 1.0066
9710 -11 0 54 100 454 1.0066
9730 -8 0 54 100 434 1.0066
9750 -6 0 54 100 414 1.0066
9770 -3 0 54 100 394 1.0066
9790 -1 0 54 100 374 1.0066
9810 2 0 54 100 354 1.0066
9830 4 0 54 100 334 1.0066
9850 7 0 54 100 314 1.0066
9870 9 0 54 100 294 1.0066
9890 12 0 54 100 274 1.0066
9910 14 0 54 100 254 1.0066
9930 16 0 54 100 234 1.0066
9950 19 0 54 100 214 1.0066
9970 20 0 54 100 194 1.0066
9990 22 0 54 100 174 1.0066
10010 23 0 54 100 154 1.0066
10030 24 0 54 100 134 1.0066
10050 24 0 54 100 114 1.0066
10070 24 0 54 100 94 1.0066
10090 25 0 54 100 74 1.0066
10110 24 0 54 100 54 1.0066
10130 24 0 54 100 34 1.0066
10150 22 0 54 100 14 1.0066
10170 21 0 54 100 987 1.0066
10200 20 0 54 100 957 1.0066
10220 19 0 54 100 937 1.0066
10240 17 0 54 100 917 1.0066
10260 15 0 54 100 897 1.0066
10280 12 0 54 100 877 1.0066
10300 8 0 54 100 857 1.0066
10320 3 0 54 100 837 1.0066
10340 0 0 54 100 817 1.0066
10360 -4 940 55 100 723 1.03696
10380 -10 0 55 100 703 1.03696
10400 -14 0 55 100 683 1.03696
10420 -18 0 55 100 663 1.03696
10440 -21 0 55 100 643 1.03696
10460 -25 0 55 100 623 1.03696
10480 -27 0 55 100 603 1.03696
10500 -28 0 55 100 583 1.03696
10520 -29 0 55 100 563 1.03696
10540 -29 0 55 100 543 1.03696
10560 -28 0 55 100 523 1.03696
10580 -26 0 55 100 503 1.03696
10600 -25 0 55 100 483 1.03696
10620 -23 0 55 100 463 1.03696
10640 -21 0 55 100 443 1.03696
10660 -18 0 55 100 423 1.03696
10680 -15 0 55 100 403 1.03696
10700 -12 0 55 100 383 1.03696
10710 -10 0 55 100 373 1.03696
10730 -7 0 55 100 353 1.03696
10750 -4 0 55 100 333 1.03696
10770 -1 0 55 100 313 1.03696
10790 1 0 55 100 293 1.03696
10810 4 0 55 100 273 1.03696
10830 8 0 55 100 253 1.03696
10850 11 0 55 100 233 1.03696
10870 13 0 55 100 213 1.03696
10890 16 0 55 100 193 1.03696
10910 18 0 55 100 173 1.03696
10930 19 0 55 100 153 1.03696
10950 21 0 55 100 133 1.03696
10970 22 0 55 100 113 1.03696
10990 22 0 55 100 93 1.03696
11010 23 0 55 100 73 1.03696
11030 23 0 55 100 53 1.03696
11050 23 0 55 100 33 1.03696
11070 23 0 55 100 13 1.03696
11090 22 0 55 100 957 1.03696
11110 22 0 55 100 937 1.03696
11130 21 0 55 100 917 1.03696
11150 20 0 55 100 897 1.03696
11170 19 0 55 100 877 1.03696
11190 18 0 55 100 857 1.03696
11220 17 0 55 100 827 1.03696
11240 14 0 55 100 807 1.03696
11260 12 0 55 100 787 1.03696
11280 8 0 55 100 767 1.03696
11300 5 0 55 100 747 1.03696
11320 0 0 55 100 727 1.03696
11340 -4 980 55 100 731 1.02554
11360 -8 0 55 100 711 1.02554
11380 -13 0 55 100 691 1.02554
11400 -17 0 55 100 671 1.02554
11420 -21 0 55 100 651 1.02554
11440 -25 0 55 100 631 1.02554
11460 -27 0 55 100 611 1.02554
11480 -29 0 55 100 591 1.02554
11500 -30 0 55 100 571 1.02554
11520 -31 0 55 100 551 1.02554
11540 -31 0 55 100 531 1.02554
11560 -30 0 55 100 511 1.02554
11580 -28 0 55 100 491 1.02554
11600 -26 0 55 100 471 1.02554
11620 -25 0 55 100 451 1.02554
11640 -22 0 55 100 431 1.02554
11660 -19 0 55 100 411 1.02554
11680 -16 0 55 100 391 1.02554
11700 -13 0 55 100 371 1.02554
11730 -9 0 55 100 341 1.02554
11750 -7 0 55 100 321 1.02554
11770 -4 0 55 100 301 1.02554
11790 0 0 55 100 281 1.02554
11810 2 0 55 100 261 1.02554
11830 5 0 55 100 241 1.02554
11850 7 0 55 100 221 1.02554
11870 10 0 55 100 201 1.02554
11890 12 0 55 100 181 1.02554
11910 14 0 55 100 161 1.02554
11930 16 0 55 100 141 1.02554
11950 17 0 55 100 121 1.02554
11970 19 0 55 100 101 1.02554
11990 20 0 55 100 81 1.02554
12010 21 0 55 100 61 1.02554
12030 21 0 55 100 41 1.02554
12050 21 0 55 100 21 1.02554
12070 21 0 55 100 1 1.02554
12090 20 0 55 100 956 1.02554
12110 20 0 55 100 936 1.02554
12130 19 0 55 100 916 1.02554
12150 19 0 55 100 896 1.02554
12170 18 0 55 100 876 1.02554
12190 16 0 55 100 856 1.02554
12210 15 0 55 100 836 1.02554
12230 14 0 55 100 816 1.02554
12240 11 0 55 100 806 1.02554
12260 8 0 55 100 786 1.02554
12280 4 0 55 100 766 1.02554
12300 0 0 55 100 746 1.02554
12320 -4 980 56 100 733 1.02209
12340 -7 0 56 100 713 1.02209
12360 -8 0 56 100 693 1.02209
12380 -8 0 56 100 673 1.02209
12400 -5 0 56 100 653 1.02209
12420 0 0 56 100 633 1.02209
12440 8 0 56 100 613 1.02209
12460 15 0 56 100 593 1.02209
12480 24 0 56 100 573 1.02209
12500 31 0 56 100 553 1.02209
12520 38 0 56 100 533 1.02209
12540 43 0 56 100 513 1.02209
12560 47 0 56 100 493 1.02209
12580 49 0 56 100 473 1.02209
12600 50 0 56 100 453 1.02209
12620 50 0 56 100 433 1.02209
12640 48 0 56 100 413 1.02209
12660 45 0 56 100 393 1.02209
12680 41 0 56 100 373 1.02209
12700 37 0 56 100 353 1.02209
12720 33 0 56 100 333 1.02209
12750 28 0 56 100 303 1.02209
12770 23 0 56 100 283 1.02209
12790 17 0 56 100 263 1.02209
12810 12 0 56 100 243 1.02209
12830 6 0 56 100 223 1.02209
12850 -3 530 58 100 488 1.53423
12870 -16 0 58 100 468 1.53423
12890 -30 0 58 100 448 1.53423
12910 -45 0 58 100 428 1.53423
12930 -59 0 58 100 408 1.53423
12950 -72 0 58 100 388 1.53423
12970 -83 0 58 100 368 1.53423
12990 -92 0 58 100 348 1.53423
13010 -98 0 58 100 328 1.53423
13030 -103 0 58 100 308 1.53423
13050 -104 0 58 100 288 1.53423
13070 -104 0 58 100 268 1.53423
13090 -102 0 58 100 248 1.53423
13110 -98 0 58 100 228 1.53423
13130 -93 0 58 100 208 1.53423
13150 -85 0 58 100 188 1.53423
13170 -77 0 58 100 168 1.53423
13190 -69 0 58 100 148 1.53423
13210 -59 0 58 100 128 1.53423
13230 -46 0 58 100 108 1.53423
13250 -30 0 58 100 88 1.53423
13260 -13 0 58 100 78 1.53423
13280 4 0 58 100 58 1.53423
13300 20 0 58 100 38 1.53423
13320 34 0 58 100 18 1.53423
13340 46 0 58 100 649 1.53423
13360 57 0 58 100 629 1.53423
13380 66 0 58 100 609 1.53423
13400 72 0 58 100 589 1.53423
13420 76 0 58 100 569 1.53423
13440 79 0 58 100 549 1.53423
13460 79 0 58 100 529 1.53423
13480 77 0 58 100 509 1.53423
13500 75 0 58 100 489 1.53423
13520 72 0 58 100 469 1.53423
13540 68 0 58 100 449 1.53423
13560 62 0 58 100 429 1.53423
13580 56 0 58 100 409 1.53423
13600 50 0 58 100 389 1.53423
13620 44 0 58 100 369 1.53423
13640 39 0 58 100 349 1.53423
13660 33 0 58 100 329 1.53423
13680 27 0 58 100 309 1.53423
13700 21 0 58 100 289 1.53423
13720 17 0 58 100 269 1.53423
13740 12 0 58 100 249 1.53423
13770 8 0 58 100 219 1.53423
13790 4 0 58 100 199 1.53423
13810 1 0 58 100 179 1.53423
13830 -1 980 59 100 613 1.22218
13850 -4 0 59 100 593 1.22218
13870 -6 0 59 100 573 1.22218
13890 -8 0 59 100 553 1.22218
13910 -10 0 59 100 533 1.22218
13930 -11 0 59 100 513 1.22218
13950 -12 0 59 100 493 1.22218
13970 -13 0 59 100 473 1.22218
13990 -12 0 59 100 453 1.22218
14010 -13 0 59 100 433 1.22218
14030 -12 0 59 100 413 1.22218
14050 -13 0 59 100 393 1.22218
14070 -12 0 59 100 373 1.22218
14090 -12 0 59 100 353 1.22218
14110 -12 0 59 100 333 1.22218
14130 -11 0 59 100 313 1.22218
14150 -11 0 59 100 293 1.22218
14170 -10 0 59 100 273 1.22218
14190 -10 0 59 100 253 1.22218
14210 -11 0 59 100 233 1.22218
14230 -12 0 59 100 213 1.22218
14250 -13 0 59 100 193 1.22218
14280 -16 0 59 100 163 1.22218
14300 -19 0 59 100 143 1.22218
14320 -22 0 59 100 123 1.22218
14340 -25 0 59 100 103 1.22218
14360 -28 0 59 100 83 1.22218
14380 -30 0 59 100 63 1.22218
14400 -32 0 59 100 43 1.22218
14420 -33 0 59 100 23 1.22218
14440 -33 0 59 100 3 1.22218
14460 -32 0 59 100 801 1.22218
14480 -31 0 59 100 781 1.22218
14500 -29 0 59 100 761 1.22218
14520 -27 0 59 100 741 1.22218
14540 -24 0 59 100 721 1.22218
14560 -22 0 59 100 701 1.22218
14580 -19 0 59 100 681 1.22218
14600 -16 0 59 100 661 1.22218
14620 -13 0 59 100 641 1.22218
14640 -10 0 59 100 621 1.22218
14660 -6 0 59 100 601 1.22218
14680 -3 0 59 100 581 1.22218
14700 -2 0 59 100 561 1.22218
14720 1 0 59 100 541 1.22218
14740 3 0 59 100 521 1.22218
14760 6 0 59 100 501 1.22218
14780 8 0 59 100 481 1.22218
14790 10 0 59 100 471 1.22218
14810 13 0 59 100 451 1.22218
14830 14 0 59 100 431 1.22218
14850 15 0 59 100 411 1.22218
14870 16 0 59 100 391 1.22218
14890 16 0 59 100 371 1.22218
14910 17 0 59 100 351 1.22218
14930 17 0 59 100 331 1.22218
14950 17 0 59 100 311 1.22218
14970 18 0 59 100 291 1.22218
14990 17 0 59 100 271 1.22218
15010 17 0 59 100 251 1.22218
15030 16 0 59 100 231 1.22218
15050 14 0 59 100 211 1.22218
15070 14 0 59 100 191 1.22218
15090 13 0 59 100 171 1.22218
15110 12 0 59 100 151 1.22218
15130 11 0 59 100 131 1.22218
15150 9 0 59 100 111 1.22218
15170 7 0 59 100 91 1.22218
15190 4 0 59 100 71 1.22218
15210 0 0 59 100 51 1.22218
15230 -3 1400 57 100 802 0.934504
15250 -8 0 57 100 782 0.934504
15270 -12 0 57 100 762 0.934504
15300 -16 0 57 100 732 0.934504
15320 -19 0 57 100 712 0.934504
15340 -22 0 57 100 692 0.934504
15360 -26 0 57 100 672 0.934504
15380 -27 0 57 100 652 0.934504
15400 -28 0 57 100 632 0.934504
15420 -27 0 57 100 612 0.934504
15440 -26 0 57 100 592 0.934504
15460 -24 0 57 100 572 0.934504
15480 -22 0 57 100 552 0.934504
15500 -20 0 57 100 532 0.934504
15520 -17 0 57 100 512 0.934504
15540 -15 0 57 100 492 0.934504
15560 -12 0 57 100 472 0.934504
15580 -9 0 57 100 452 0.934504
15600 -6 0 57 100 432 0.934504
15620 -2 0 57 100 412 0.934504
15640 0 0 57 100 392 0.934504
15660 4 0 57 100 372 0.934504
15680 7 0 57 100 352 0.934504
15700 9 0 57 100 332 0.934504
15720 12 0 57 100 312 0.934504
15740 15 0 57 100 292 0.934504
15760 16 0 57 100 272 0.934504
15780 18 0 57 100 252 0.934504
15800 18 0 57 100 232 0.934504
15810 20 0 57 100 222 0.934504
15830 20 0 57 100 202 0.934504
15850 19 0 57 100 182 0.934504
15870 20 0 57 100 162 0.934504
15890 20 0 57 100 142 0.934504
15910 19 0 57 100 122 0.934504
15930 18 0 57 100 102 0.934504
15950 17 0 57 100 82 0.934504
15970 17 0 57 100 62 0.934504
15990 16 0 57 100 42 0.934504
16010 16 0 57 100 22 0.934504
16030 16 0 57 100 2 0.934504
16050 17 0 57 100 1052 0.934504
16070 16 0 57 100 1032 0.934504
16090 15 0 57 100 1012 0.934504
16110 16 0 57 100 992 0.934504
16130 14 0 57 100 972 0.934504
16150 13 0 57 100 952 0.934504
16170 11 0 57 100 932 0.934504
16190 9 0 57 100 912 0.934504
16210 8 0 57 100 892 0.934504
16230 6 0 57 100 872 0.934504
16250 4 0 57 100 852 0.934504
16270 3 0 57 100 832 0.934504
16290 1 0 57 100 812 0.934504
16320 0 0 57 100 782 0.934504
16340 -1 1110 57 100 818 0.915775
16360 -3 0 57 100 798 0.915775
16380 -4 0 57 100 778 0.915775
16400 -4 0 57 100 758 0.915775
16420 -5 0 57 100 738 0.915775
16440 -5 0 57 100 718 0.915775
16460 -6 0 57 100 698 0.915775
16480 -7 0 57 100 678 0.915775
16500 -8 0 57 100 658 0.915775
16520 -9 0 57 100 638 0.915775
16540 -8 0 57 100 618 0.915775
16560 -9 0 57 100 598 0.915775
16580 -8 0 57 100 578 0.915775
16600 -9 0 57 100 558 0.915775
16620 -8 0 57 100 538 0.915775
16640 -8 0 57 100 518 0.915775
16660 -7 0 57 100 498 0.915775
16680 -6 0 57 100 478 0.915775
16700 -5 0 57 100 458 0.915775
16720 -3 0 57 100 438 0.915775
16740 -2 0 57 100 418 0.915775
16760 0 0 57 100 398 0.915775
16780 0 0 57 100 378 0.915775
16800 1 0 57 100 358 0.915775
16830 2 0 57 100 328 0.915775
16850 3 0 57 100 308 0.915775
16870 4 0 57 100 288 0.915775
16890 4 0 57 100 268 0.915775
16910 4 0 57 100 248 0.915775
16930 5 0 57 100 228 0.915775
16950 6 0 57 100 208 0.915775
16970 6 0 57 100 188 0.915775
16990 8 0 57 100 168 0.915775
17010 8 0 57 100 148 0.915775
17030 8 0 57 100 128 0.915775
17050 7 0 57 100 108 0.915775
17070 6 0 57 100 88 0.915775
17090 3 0 57 100 68 0.915775
17110 0 0 57 100 48 0.915775
17130 -2 790 58 100 674 1.11199
17150 -5 0 58 100 654 1.11199
17170 -8 0 58 100 634 1.11199
17190 -10 0 58 100 614 1.11199
17210 -11 0 58 100 594 1.11199
17230 -11 0 58 100 574 1.11199
17250 -11 0 58 100 554 1.11199
17270 -11 0 58 100 534 1.11199
17290 -10 0 58 100 514 1.11199
17310 -9 0 58 100 494 1.11199
17330 -9 0 58 100 474 1.11199
17340 -10 0 58 100 464 1.11199
17360 -9 0 58 100 444 1.11199
17380 -10 0 58 100 424 1.11199
17400 -10 0 58 100 404 1.11199
17420 -11 0 58 100 384 1.11199
17440 -11 0 58 100 364 1.11199
17460 -11 0 58 100 344 1.11199
17480 -11 0 58 100 324 1.11199
17500 -11 0 58 100 304 1.11199
17520 -8 0 58 100 284 1.11199
17540 -6 0 58 100 264 1.11199
17560 -4 0 58 100 244 1.11199
17580 -1 0 58 100 224 1.11199
17600 1 0 58 100 204 1.11199
17620 4 0 58 100 184 1.11199
17640 6 0 58 100 164 1.11199
17660 7 0 58 100 144 1.11199
17680 9 0 58 100 124 1.11199
17700 9 0 58 100 104 1.11199
17720 9 0 58 100 84 1.11199
17740 9 0 58 100 64 1.11199
17760 9 0 58 100 44 1.11199
17780 10 0 58 100 24 1.11199
17800 11 0 58 100 4 1.11199
17820 12 0 58 100 883 1.11199
17850 13 0 58 100 853 1.11199
17870 13 0 58 100 833 1.11199
17890 13 0 58 100 813 1.11199
17910 13 0 58 100 793 1.11199
17930 12 0 58 100 773 1.11199
17950 11 0 58 100 753 1.11199
17970 9 0 58 100 733 1.11199
17990 7 0 58 100 713 1.11199
18010 5 0 58 100 693 1.11199
18030 2 0 58 100 673 1.11199
18050 -1 920 58 100 691 1.08381
18070 -6 0 58 100 671 1.08381
18090 -10 0 58 100 651 1.08381
18110 -15 0 58 100 631 1.08381
18130 -18 0 58 100 611 1.08381
18150 -20 0 58 100 591 1.08381
18170 -21 0 58 100 571 1.08381
18190 -21 0 58 100 551 1.08381
18210 -19 0 58 100 531 1.08381
18230 -16 0 58 100 511 1.08381
18250 -12 0 58 100 491 1.08381
18270 -7 0 58 100 471 1.08381
18290 -1 0 58 100 451 1.08381
18310 4 0 58 100 431 1.08381
18330 10 0 58 100 411 1.08381
18350 16 0 58 100 391 1.08381
18360 21 0 58 100 381 1.08381
18380 25 0 58 100 361 1.08381
18400 28 0 58 100 341 1.08381
18420 30 0 58 100 321 1.08381
18440 30 0 58 100 301 1.08381
18460 31 0 58 100 281 1.08381
18480 29 0 58 100 261 1.08381
18500 28 0 58 100 241 1.08381
18520 27 0 58 100 221 1.08381
18540 25 0 58 100 201 1.08381
18560 23 0 58 100 181 1.08381
18580 21 0 58 100 161 1.08381
18600 20 0 58 100 141 1.08381
18620 19 0 58 100 121 1.08381
18640 18 0 58 100 101 1.08381
18660 16 0 58 100 81 1.08381
18680 10 0 58 100 61 1.08381
18700 1 0 58 100 41 1.08381
18720 -10 670 59 100 568 1.31804
18740 -20 0 59 100 548 1.31804
18760 -33 0 59 100 528 1.31804
18780 -44 0 59 100 508 1.31804
18800 -54 0 59 100 488 1.31804
18820 -61 0 59 100 468 1.31804
18840 -68 0 59 100 448 1.31804
18870 -72 0 59 100 418 1.31804
18890 -75 0 59 100 398 1.31804
18910 -75 0 59 100 378 1.31804
18930 -71 0 59 100 358 1.31804
18950 -61 0 59 100 338 1.31804
18970 -49 0 59 100 318 1.31804
18990 -36 0 59 100 298 1.31804
19010 -22 0 59 100 278 1.31804
19030 -7 0 59 100 258 1.31804
19050 7 0 59 100 238 1.31804
19070 19 0 59 100 218 1.31804
19090 29 0 59 100 198 1.31804
19110 35 0 59 100 178 1.31804
19130 35 0 59 100 158 1.31804
19150 33 0 59 100 138 1.31804
19170 28 0 59 100 118 1.31804
19190 22 0 59 100 98 1.31804
19210 15 0 59 100 78 1.31804
19230 8 0 59 100 58 1.31804
19250 1 0 59 100 38 1.31804
19270 -3 550 61 100 469 1.59567
19290 -7 0 61 100 449 1.59567
19310 -10 0 61 100 429 1.59567
19330 -13 0 61 100 409 1.59567
19350 -13 0 61 100 389 1.59567
19380 -13 0 61 100 359 1.59567
19400 -11 0 61 100 339 1.59567
19420 -10 0 61 100 319 1.59567
19440 -8 0 61 100 299 1.59567
19460 -5 0 61 100 279 1.59567
19480 -1 0 61 100 259 1.59567
19500 1 0 61 100 239 1.59567
19520 4 0 61 100 219 1.59567
19540 8 0 61 100 199 1.59567
19560 12 0 61 100 179 1.59567
19580 15 0 61 100 159 1.59567
19600 19 0 61 100 139 1.59567
19620 21 0 61 100 119 1.59567
19640 24 0 61 100 99 1.59567
19660 25 0 61 100 79 1.59567
19680 26 0 61 100 59 1.59567
19700 27 0 61 100 39 1.59567
19720 27 0 61 100 19 1.59567
19740 28 0 61 100 625 1.59567
19760 28 0 61 100 605 1.59567
19780 28 0 61 100 585 1.59567
19800 27 0 61 100 565 1.59567
19820 25 0 61 100 545 1.59567
19840 23 0 61 100 525 1.59567
19860 20 0 61 100 505 1.59567
19880 17 0 61 100 485 1.59567
19890 12 0 61 100 475 1.59567
19910 9 0 61 100 455 1.59567
19930 5 0 61 100 435 1.59567
19950 2 0 61 100 415 1.59567
19970 0 0 61 100 395 1.59567
19990 -2 720 61 100 513 1.46005
20010 -5 0 61 100 493 1.46005
20030 -6 0 61 100 473 1.46005
20050 -7 0 61 100 453 1.46005
20070 -8 0 61 100 433 1.46005
20090 -7 0 61 100 413 1.46005
20110 -6 0 61 100 393 1.46005
20130 -6 0 61 100 373 1.46005
20150 -4 0 61 100 353 1.46005
20170 -2 0 61 100 333 1.46005
20190 -1 0 61 100 313 1.46005
20210 0 0 61 100 293 1.46005
20230 2 0 61 100 273 1.46005
20250 2 0 61 100 253 1.46005
20270 4 0 61 100 233 1.46005
20290 5 0 61 100 213 1.46005
20310 5 0 61 100 193 1.46005
20330 6 0 61 100 173 1.46005
20350 6 0 61 100 153 1.46005
20370 7 0 61 100 133 1.46005
20400 8 0 61 100 103 1.46005
20420 8 0 61 100 83 1.46005
20440 8 0 61 100 63 1.46005
20460 8 0 61 100 43 1.46005
20480 8 0 61 100 23 1.46005
20500 9 0 61 100 3 1.46005
20520 9 0 61 100 667 1.46005
20540 9 0 61 100 647 1.46005
20560 10 0 61 100 627 1.46005
20580 9 0 61 100 607 1.46005
20600 9 0 61 100 587 1.46005
20620 9 0 61 100 567 1.46005
20640 9 0 61 100 547 1.46005
20660 8 0 61 100 527 1.46005
20680 7 0 61 100 507 1.46005
20700 6 0 61 100 487 1.46005
20720 4 0 61 100 467 1.46005
20740 1 0 61 100 447 1.46005
20760 -2 770 62 100 547 1.36899
20780 -6 0 62 100 527 1.36899
20800 -9 0 62 100 507 1.36899
20820 -13 0 62 100 487 1.36899
20840 -16 0 62 100 467 1.36899
20860 -20 0 62 100 447 1.36899
20880 -23 0 62 100 427 1.36899
20910 -26 0 62 100 397 1.36899
20930 -29 0 62 100 377 1.36899
20950 -31 0 62 100 357 1.36899
20970 -32 0 62 100 337 1.36899
20990 -32 0 62 100 317 1.36899
21010 -32 0 62 100 297 1.36899
21030 -32 0 62 100 277 1.36899
21050 -30 0 62 100 257 1.36899
21070 -28 0 62 100 237 1.36899
21090 -26 0 62 100 217 1.36899
21110 -24 0 62 100 197 1.36899
21130 -21 0 62 100 177 1.36899
21150 -18 0 62 100 157 1.36899
21170 -15 0 62 100 137 1.36899
21190 -12 0 62 100 117 1.36899
21210 -9 0 62 100 97 1.36899
21230 -5 0 62 100 77 1.36899
21250 -1 0 62 100 57 1.36899
21270 2 0 62 100 37 1.36899
21290 6 0 62 100 17 1.36899
21310 10 0 62 100 727 1.36899
21330 14 0 62 100 707 1.36899
21350 17 0 62 100 687 1.36899
21370 21 0 62 100 667 1.36899
21390 24 0 62 100 647 1.36899
21410 27 0 62 100 627 1.36899
21420 30 0 62 100 617 1.36899
21440 31 0 62 100 597 1.36899
21460 35 0 62 100 577 1.36899
21480 41 0 62 100 557 1.36899
21500 51 0 62 100 537 1.36899
21520 62 0 62 100 517 1.36899
21540 73 0 62 100 497 1.36899
21560 85 0 62 100 477 1.36899
21580 93 0 62 100 457 1.36899
21600 95 0 62 100 437 1.36899
21620 91 0 62 100 417 1.36899
21640 82 0 62 100 397 1.36899
21660 70 0 62 100 377 1.36899
21680 55 0 62 100 357 1.36899
21700 37 0 62 100 337 1.36899
21720 21 0 62 100 317 1.36899
21740 3 0 62 100 297 1.36899
21760 -12 1000 62 100 649 1.1547
21780 -27 0 62 100 629 1.1547
21800 -41 0 62 100 609 1.1547
21820 -53 0 62 100 589 1.1547
21840 -63 0 62 100 569 1.1547
21860 -71 0 62 100 549 1.1547
21880 -77 0 62 100 529 1.1547
21900 -81 0 62 100 509 1.1547
21930 -82 0 62 100 479 1.1547
21950 -83 0 62 100 459 1.1547
21970 -82 0 62 100 439 1.1547
21990 -80 0 62 100 419 1.1547
22010 -77 0 62 100 399 1.1547
22030 -73 0 62 100 379 1.1547
22050 -67 0 62 100 359 1.1547
22070 -62 0 62 100 339 1.1547
22090 -54 0 62 100 319 1.1547
22110 -47 0 62 100 299 1.1547
22130 -40 0 62 100 279 1.1547
22150 -32 0 62 100 259 1.1547
22170 -25 0 62 100 239 1.1547
22190 -18 0 62 100 219 1.1547
22210 -12 0 62 100 199 1.1547
22230 -5 0 62 100 179 1.1547
22250 0 0 62 100 159 1.1547
22270 5 0 62 100 139 1.1547
22290 9 0 62 100 119 1.1547
22310 14 0 62 100 99 1.1547
22330 20 0 62 100 79 1.1547
22350 29 0 62 100 59 1.1547
22370 42 0 62 100 39 1.1547
22390 56 0 62 100 19 1.1547
22410 70 0 62 100 865 1.1547
22430 83 0 62 100 845 1.1547
22440 96 0 62 100 835 1.1547
22460 105 0 62 100 815 1.1547
22480 113 0 62 100 795 1.1547
22500 115 0 62 100 775 1.1547
22520 112 0 62 100 755 1.1547
22540 102 0 62 100 735 1.1547
22560 87 0 62 100 715 1.1547
22580 69 0 62 100 695 1.1547
22600 50 0 62 100 675 1.1547
22620 29 0 62 100 655 1.1547
22640 8 0 62 100 635 1.1547
22660 -9 900 62 100 663 1.13038
22680 -27 0 62 100 643 1.13038
22700 -41 0 62 100 623 1.13038
22720 -55 0 62 100 603 1.13038
22740 -65 0 62 100 583 1.13038
22760 -74 0 62 100 563 1.13038
22780 -81 0 62 100 543 1.13038
22800 -84 0 62 100 523 1.13038
22820 -86 0 62 100 503 1.13038
22840 -86 0 62 100 483 1.13038
22860 -85 0 62 100 463 1.13038
22880 -82 0 62 100 443 1.13038
22900 -77 0 62 100 423 1.13038
22920 -71 0 62 100 403 1.13038
22950 -60 0 62 100 373 1.13038
22970 -44 0 62 100 353 1.13038
22990 -26 0 62 100 333 1.13038
23010 -7 0 62 100 313 1.13038
23030 12 0 62 100 293 1.13038
23050 31 0 62 100 273 1.13038
23070 49 0 62 100 253 1.13038
23090 65 0 62 100 233 1.13038
23110 78 0 62 100 213 1.13038
23130 89 0 62 100 193 1.13038
23150 97 0 62 100 173 1.13038
23170 103 0 62 100 153 1.13038
23190 105 0 62 100 133 1.13038
23210 106 0 62 100 113 1.13038
23230 104 0 62 100 93 1.13038
23250 101 0 62 100 73 1.13038
23270 96 0 62 100 53 1.13038
23290 89 0 62 100 33 1.13038
23310 82 0 62 100 13 1.13038
23330 75 0 62 100 877 1.13038
23350 66 0 62 100 857 1.13038
23370 58 0 62 100 837 1.13038
23390 48 0 62 100 817 1.13038
23410 39 0 62 100 797 1.13038
23430 29 0 62 100 777 1.13038
23460 19 0 62 100 747 1.13038
23480 10 0 62 100 727 1.13038
23500 0 0 62 100 707 1.13038
23520 -9 860 62 100 656 1.14267
23540 -18 0 62 100 636 1.14267
23560 -26 0 62 100 616 1.14267
23580 -34 0 62 100 596 1.14267
23600 -41 0 62 100 576 1.14267
23620 -48 0 62 100 556 1.14267
23640 -53 0 62 100 536 1.14267
23660 -57 0 62 100 516 1.14267
23680 -60 0 62 100 496 1.14267
23700 -63 0 62 100 476 1.14267
23720 -64 0 62 100 456 1.14267
23740 -64 0 62 100 436 1.14267
23760 -64 0 62 100 416 1.14267
23780 -63 0 62 100 396 1.14267
23800 -61 0 62 100 376 1.14267
23820 -60 0 62 100 356 1.14267
23840 -57 0 62 100 336 1.14267
23860 -55 0 62 100 316 1.14267
23880 -51 0 62 100 296 1.14267
23900 -48 0 62 100 276 1.14267
23920 -44 0 62 100 256 1.14267
23940 -40 0 62 100 236 1.14267
23960 -36 0 62 100 216 1.14267
23970 -32 0 62 100 206 1.14267
23990 -28 0 62 100 186 1.14267
24010 -25 0 62 100 166 1.14267
24030 -22 0 62 100 146 1.14267
24050 -18 0 62 100 126 1.14267
24070 -14 0 62 100 106 1.14267
24090 -11 0 62 100 86 1.14267
24110 -9 0 62 100 66 1.14267
24130 -6 0 62 100 46 1.14267
24150 -3 0 62 100 26 1.14267
24170 -2 0 62 100 6 1.14267
24190 0 0 62 100 861 1.14267
24210 0 0 62 100 841 1.14267
24230 2 0 62 100 821 1.14267
24250 2 0 62 100 801 1.14267
24270 4 0 62 100 781 1.14267
24290 4 0 62 100 761 1.14267
24310 3 0 62 100 741 1.14267
24330 2 0 62 100 721 1.14267
24350 1 0 62 100 701 1.14267
24370 0 0 62 100 681 1.14267
24390 -3 870 63 100 658 1.13855
24410 -5 0 63 100 638 1.13855
24430 -7 0 63 100 618 1.13855
24450 -10 0 63 100 598 1.13855
24480 -13 0 63 100 568 1.13855
24500 -16 0 63 100 548 1.13855
24520 -17 0 63 100 528 1.13855
24540 -18 0 63 100 508 1.13855
24560 -19 0 63 100 488 1.13855
24580 -20 0 63 100 468 1.13855
24600 -19 0 63 100 448 1.13855
24620 -19 0 63 100 428 1.13855
24640 -17 0 63 100 408 1.13855
24660 -15 0 63 100 388 1.13855
24680 -14 0 63 100 368 1.13855
24700 -11 0 63 100 348 1.13855
24720 -9 0 63 100 328 1.13855
24740 -6 0 63 100 308 1.13855
24760 -4 0 63 100 288 1.13855
24780 0 0 63 100 268 1.13855
24800 2 0 63 100 248 1.13855
24820 4 0 63 100 228 1.13855
24840 7 0 63 100 208 1.13855
24860 10 0 63 100 188 1.13855
24880 12 0 63 100 168 1.13855
24900 14 0 63 100 148 1.13855
24920 16 0 63 100 128 1.13855
24940 18 0 63 100 108 1.13855
24960 20 0 63 100 88 1.13855
24980 21 0 63 100 68 1.13855
24990 23 0 63 100 58 1.13855
25010 24 0 63 100 38 1.13855
25030 24 0 63 100 18 1.13855
25050 25 0 63 100 876 1.13855
25070 26 0 63 100 856 1.13855
25090 26 0 63 100 836 1.13855
25110 27 0 63 100 816 1.13855
25130 26 0 63 100 796 1.13855
25150 26 0 63 100 776 1.13855
25170 25 0 63 100 756 1.13855
25190 25 0 63 100 736 1.13855
25210 23 0 63 100 716 1.13855
25230 21 0 63 100 696 1.13855
25250 19 0 63 100 676 1.13855
25270 15 0 63 100 656 1.13855
25290 12 0 63 100 636 1.13855
25310 8 0 63 100 616 1.13855
25330 3 0 63 100 596 1.13855
25350 0 0 63 100 576 1.13855
25370 -4 980 63 100 705 1.06262
25390 -8 0 63 100 685 1.06262
25410 -12 0 63 100 665 1.06262
25430 -14 0 63 100 645 1.06262
25450 -17 0 63 100 625 1.06262
25470 -19 0 63 100 605 1.06262
25500 -20 0 63 100 575 1.06262
25520 -21 0 63 100 555 1.06262
25540 -21 0 63 100 535 1.06262
25560 -21 0 63 100 515 1.06262
25580 -20 0 63 100 495 1.06262
25600 -19 0 63 100 475 1.06262
25620 -17 0 63 100 455 1.06262
25640 -16 0 63 100 435 1.06262
25660 -13 0 63 100 415 1.06262
25680 -11 0 63 100 395 1.06262
25700 -9 0 63 100 375 1.06262
25720 -6 0 63 100 355 1.06262
25740 -3 0 63 100 335 1.06262
25760 -1 0 63 100 315 1.06262
25780 0 0 63 100 295 1.06262
25800 2 0 63 100 275 1.06262
25820 4 0 63 100 255 1.06262
25840 6 0 63 100 235 1.06262
25860 8 0 63 100 215 1.06262
25880 9 0 63 100 195 1.06262
25900 11 0 63 100 175 1.06262
25920 12 0 63 100 155 1.06262
25940 12 0 63 100 135 1.06262
25960 13 0 63 100 115 1.06262
25980 12 0 63 100 95 1.06262
26010 13 0 63 100 65 1.06262
26030 13 0 63 100 45 1.06262
26050 12 0 63 100 25 1.06262
26070 12 0 63 100 5 1.06262
26090 11 0 63 100 926 1.06262
26110 11 0 63 100 906 1.06262
26130 10 0 63 100 886 1.06262
26150 8 0 63 100 866 1.06262
26170 6 0 63 100 846 1.06262
26190 4 0 63 100 826 1.06262
26210 1 0 63 100 806 1.06262
26230 -1 860 63 100 672 1.11525
26250 -5 0 63 100 652 1.11525
26270 -8 0 63 100 632 1.11525
26290 -11 0 63 100 612 1.11525
26310 -14 0 63 100 592 1.11525
26330 -16 0 63 100 572 1.11525
26350 -18 0 63 100 552 1.11525
26370 -20 0 63 100 532 1.11525
26390 -20 0 63 100 512 1.11525
26410 -20 0 63 100 492 1.11525
26430 -20 0 63 100 472 1.11525
26450 -19 0 63 100 452 1.11525
26470 -18 0 63 100 432 1.11525
26490 -16 0 63 100 412 1.11525
26510 -15 0 63 100 392 1.11525
26520 -14 0 63 100 382 1.11525
26540 -12 0 63 100 362 1.11525
26560 -10 0 63 100 342 1.11525
26580 -8 0 63 100 322 1.11525
26600 -7 0 63 100 302 1.11525
26620 -4 0 63 100 282 1.11525
26640 -2 0 63 100 262 1.11525
26660 0 0 63 100 242 1.11525
26680 2 0 63 100 222 1.11525
26700 3 0 63 100 202 1.11525
26720 5 0 63 100 182 1.11525
26740 7 0 63 100 162 1.11525
26760 9 0 63 100 142 1.11525
26780 10 0 63 100 122 1.11525
26800 12 0 63 100 102 1.11525
26820 13 0 63 100 82 1.11525
26840 14 0 63 100 62 1.11525
26860 15 0 63 100 42 1.11525
26880 16 0 63 100 22 1.11525
26900 16 0 63 100 2 1.11525
26920 17 0 63 100 878 1.11525
26940 17 0 63 100 858 1.11525
26960 17 0 63 100 838 1.11525
26980 16 0 63 100 818 1.11525
27000 16 0 63 100 798 1.11525
27030 14 0 63 100 768 1.11525
27050 12 0 63 100 748 1.11525
27070 9 0 63 100 728 1.11525
27090 7 0 63 100 708 1.11525
27110 2 0 63 100 688 1.11525
27130 0 0 63 100 668 1.11525
27150 -4 920 63 100 688 1.08909
27170 -8 0 63 100 668 1.08909
27190 -11 0 63 100 648 1.08909
27210 -15 0 63 100 628 1.08909
27230 -18 0 63 100 608 1.08909
27250 -20 0 63 100 588 1.08909
27270 -22 0 63 100 568 1.08909
27290 -23 0 63 100 548 1.08909
27310 -24 0 63 100 528 1.08909
27330 -23 0 63 100 508 1.08909
27350 -23 0 63 100 488 1.08909
27370 -22 0 63 100 468 1.08909
27390 -20 0 63 100 448 1.08909
27410 -19 0 63 100 428 1.08909
27430 -17 0 63 100 408 1.08909
27450 -15 0 63 100 388 1.08909
27470 -13 0 63 100 368 1.08909
27490 -10 0 63 100 348 1.08909
27510 -8 0 63 100 328 1.08909
27530 -5 0 63 100 308 1.08909
27540 -3 0 63 100 298 1.08909
27560 -1 0 63 100 278 1.08909
27580 0 0 63 100 258 1.08909
27600 2 0 63 100 238 1.08909
27620 4 0 63 100 218 1.08909
27640 7 0 63 100 198 1.08909
27660 8 0 63 100 178 1.08909
27680 10 0 63 100 158 1.08909
27700 11 0 63 100 138 1.08909
27720 12 0 63 100 118 1.08909
27740 12 0 63 100 98 1.08909
27760 13 0 63 100 78 1.08909
27780 13 0 63 100 58 1.08909
27800 14 0 63 100 38 1.08909
27820 13 0 63 100 18 1.08909
27840 14 0 63 100 916 1.08909
27860 13 0 63 100 896 1.08909
27880 13 0 63 100 876 1.08909
27900 13 0 63 100 856 1.08909
27920 12 0 63 100 836 1.08909
27940 10 0 63 100 816 1.08909
27960 7 0 63 100 796 1.08909
27980 4 0 63 100 776 1.08909
28000 0 0 63 100 756 1.08909
28020 -2 870 63 100 671 1.11704
28050 -6 0 63 100 641 1.11704
28070 -9 0 63 100 621 1.11704
28090 -12 0 63 100 601 1.11704
28110 -15 0 63 100 581 1.11704
28130 -17 0 63 100 561 1.11704
28150 -19 0 63 100 541 1.11704
28170 -20 0 63 100 521 1.11704
28190 -21 0 63 100 501 1.11704
28210 -21 0 63 100 481 1.11704
28230 -20 0 63 100 461 1.11704
28250 -20 0 63 100 441 1.11704
28270 -19 0 63 100 421 1.11704
28290 -17 0 63 100 401 1.11704
28310 -15 0 63 100 381 1.11704
28330 -14 0 63 100 361 1.11704
28350 -11 0 63 100 341 1.11704
28370 -10 0 63 100 321 1.11704
28390 -8 0 63 100 301 1.11704
28410 -5 0 63 100 281 1.11704
28430 -2 0 63 100 261 1.11704
28450 0 0 63 100 241 1.11704
28470 1 0 63 100 221 1.11704
28490 4 0 63 100 201 1.11704
28510 6 0 63 100 181 1.11704
28530 9 0 63 100 161 1.11704
28560 11 0 63 100 131 1.11704
28580 13 0 63 100 111 1.11704
28600 14 0 63 100 91 1.11704
28620 15 0 63 100 71 1.11704
28640 17 0 63 100 51 1.11704
28660 18 0 63 100 31 1.11704
28680 18 0 63 100 11 1.11704
28700 18 0 63 100 886 1.11704
28720 18 0 63 100 866 1.11704
28740 18 0 63 100 846 1.11704
28760 18 0 63 100 826 1.11704
28780 18 0 63 100 806 1.11704
28800 18 0 63 100 786 1.11704
28820 17 0 63 100 766 1.11704
28840 16 0 63 100 746 1.11704
28860 14 0 63 100 726 1.11704
28880 12 0 63 100 706 1.11704
28900 8 0 63 100 686 1.11704
28920 5 0 63 100 666 1.11704
28940 1 0 63 100 646 1.11704
28960 -2 940 63 100 696 1.07758
28980 -6 0 63 100 676 1.07758
29000 -10 0 63 100 656 1.07758
29020 -14 0 63 100 636 1.07758
29040 -17 0 63 100 616 1.07758
29060 -20 0 63 100 596 1.07758
29070 -22 0 63 100 586 1.07758
29090 -23 0 63 100 566 1.07758
29110 -24 0 63 100 546 1.07758
29130 -24 0 63 100 526 1.07758
29150 -24 0 63 100 506 1.07758
29170 -23 0 63 100 486 1.07758
29190 -22 0 63 100 466 1.07758
29210 -20 0 63 100 446 1.07758
29230 -18 0 63 100 426 1.07758
29250 -16 0 63 100 406 1.07758
29270 -14 0 63 100 386 1.07758
29290 -11 0 63 100 366 1.07758
29310 -9 0 63 100 346 1.07758
29330 -6 0 63 100 326 1.07758
29350 -3 0 63 100 306 1.07758
29370 0 0 63 100 286 1.07758
29390 3 0 63 100 266 1.07758
29410 6 0 63 100 246 1.07758
29430 8 0 63 100 226 1.07758
29450 11 0 63 100 206 1.07758
29470 12 0 63 100 186 1.07758
29490 14 0 63 100 166 1.07758
29510 16 0 63 100 146 1.07758
29530 17 0 63 100 126 1.07758
29550 18 0 63 100 106 1.07758
29580 20 0 63 100 76 1.07758
29600 20 0 63 100 56 1.07758
29620 21 0 63 100 36 1.07758
29640 22 0 63 100 16 1.07758
29660 21 0 63 100 924 1.07758
29680 22 0 63 100 904 1.07758
29700 22 0 63 100 884 1.07758
29720 22 0 63 100 864 1.07758
29740 21 0 63 100 844 1.07758
29760 20 0 63 100 824 1.07758
29780 18 0 63 100 804 1.07758
29800 15 0 63 100 784 1.07758
29820 13 0 63 100 764 1.07758
29840 8 0 63 100 744 1.07758
29860 4 0 63 100 724 1.07758
29880 0 0 63 100 704 1.07758
29900 -5 940 63 100 705 1.06295
29920 -9 0 63 100 685 1.06295
29940 -13 0 63 100 665 1.06295
29960 -18 0 63 100 645 1.06295
29980 -21 0 63 100 625 1.06295
30000 -24 0 63 100 605 1.06295
30020 -26 0 63 100 585 1.06295
30040 -28 0 63 100 565 1.06295
30060 -29 0 63 100 545 1.06295
30080 -29 0 63 100 525 1.06295
30090 -29 0 63 100 515 1.06295
30110 -29 0 63 100 495 1.06295
30130 -27 0 63 100 475 1.06295
30150 -26 0 63 100 455 1.06295
30170 -24 0 63 100 435 1.06295
30190 -22 0 63 100 415 1.06295
30210 -19 0 63 100 395 1.06295
30230 -16 0 63 100 375 1.06295
30250 -13 0 63 100 355 1.06295
30270 -10 0 63 100 335 1.06295
30290 -6 0 63 100 315 1.06295
30310 -2 0 63 100 295 1.06295
30330 1 0 63 100 275 1.06295
30350 6 0 63 100 255 1.06295
30370 8 0 63 100 235 1.06295
30390 12 0 63 100 215 1.06295
30410 15 0 63 100 195 1.06295
30430 17 0 63 100 175 1.06295
30450 19 0 63 100 155 1.06295
30470 21 0 63 100 135 1.06295
30490 22 0 63 100 115 1.06295
30510 24 0 63 100 95 1.06295
30530 25 0 63 100 75 1.06295
30550 26 0 63 100 55 1.06295
30570 26 0 63 100 35 1.06295
30600 25 0 63 100 5 1.06295
30620 25 0 63 100 925 1.06295
30640 25 0 63 100 905 1.06295
30660 25 0 63 100 885 1.06295
30680 24 0 63 100 865 1.06295
30700 24 0 63 100 845 1.06295
30720 22 0 63 100 825 1.06295
30740 19 0 63 100 805 1.06295
30760 16 0 63 100 785 1.06295
30780 12 0 63 100 765 1.06295
30800 7 0 63 100 745 1.06295
30820 3 0 63 100 725 1.06295
30840 0 0 63 100 705 1.06295
30860 -4 960 63 100 718 1.04298
30880 -9 0 63 100 698 1.04298
30900 -11 0 63 100 678 1.04298
30920 -14 0 63 100 658 1.04298
30940 -16 0 63 100 638 1.04298
30960 -17 0 63 100 618 1.04298
30980 -17 0 63 100 598 1.04298
31000 -19 0 63 100 578 1.04298
31020 -18 0 63 100 558 1.04298
31040 -18 0 63 100 538 1.04298
31060 -17 0 63 100 518 1.04298
31080 -16 0 63 100 498 1.04298
31110 -15 0 63 100 468 1.04298
31130 -13 0 63 100 448 1.04298
31150 -12 0 63 100 428 1.04298
31170 -11 0 63 100 408 1.04298
31190 -9 0 63 100 388 1.04298
31210 -7 0 63 100 368 1.04298
31230 -5 0 63 100 348 1.04298
31250 -2 0 63 100 328 1.04298
31270 0 0 63 100 308 1.04298
31290 2 0 63 100 288 1.04298
31310 4 0 63 100 268 1.04298
31330 7 0 63 100 248 1.04298
31350 9 0 63 100 228 1.04298
31370 11 0 63 100 208 1.04298
31390 13 0 63 100 188 1.04298
31410 14 0 63 100 168 1.04298
31430 15 0 63 100 148 1.04298
31450 16 0 63 100 128 1.04298
31470 18 0 63 100 108 1.04298
31490 19 0 63 100 88 1.04298
31510 19 0 63 100 68 1.04298
31530 19 0 63 100 48 1.04298
31550 19 0 63 100 28 1.04298
31570 19 0 63 100 8 1.04298
31590 18 0 63 100 946 1.04298
31610 17 0 63 100 926 1.04298
31620 15 0 63 100 916 1.04298
31640 13 0 63 100 896 1.04298
31660 9 0 63 100 876 1.04298
31680 5 0 63 100 856 1.04298
31700 1 0 63 100 836 1.04298
31720 -2 860 63 100 678 1.10508
31740 -6 0 63 100 658 1.10508
31760 -10 0 63 100 638 1.10508
31780 -14 0 63 100 618 1.10508
31800 -17 0 63 100 598 1.10508
31820 -20 0 63 100 578 1.10508
31840 -22 0 63 100 558 1.10508
31860 -23 0 63 100 538 1.10508
31880 -24 0 63 100 518 1.10508
31900 -24 0 63 100 498 1.10508
31920 -23 0 63 100 478 1.10508
31940 -23 0 63 100 458 1.10508
31960 -21 0 63 100 438 1.10508
31980 -20 0 63 100 418 1.10508
32000 -18 0 63 100 398 1.10508
32020 -16 0 63 100 378 1.10508
32040 -14 0 63 100 358 1.10508
32060 -11 0 63 100 338 1.10508
32080 -9 0 63 100 318 1.10508
32100 -6 0 63 100 298 1.10508
32130 -4 0 63 100 268 1.10508
32150 -1 0 63 100 248 1.10508
32170 0 0 63 100 228 1.10508
32190 4 0 63 100 208 1.10508
32210 6 0 63 100 188 1.10508
32230 8 0 63 100 168 1.10508
32250 11 0 63 100 148 1.10508
32270 13 0 63 100 128 1.10508
32290 15 0 63 100 108 1.10508
32310 16 0 63 100 88 1.10508
32330 17 0 63 100 68 1.10508
32350 18 0 63 100 48 1.10508
32370 18 0 63 100 28 1.10508
32390 19 0 63 100 8 1.10508
32410 19 0 63 100 892 1.10508
32430 19 0 63 100 872 1.10508
32450 19 0 63 100 852 1.10508
32470 19 0 63 100 832 1.10508
32490 19 0 63 100 812 1.10508
32510 18 0 63 100 792 1.10508
32530 18 0 63 100 772 1.10508
32550 15 0 63 100 752 1.10508
32570 13 0 63 100 732 1.10508
32590 10 0 63 100 712 1.10508
32610 7 0 63 100 692 1.10508
32640 2 0 63 100 662 1.10508
32660 0 0 63 100 642 1.10508
32680 -4 960 63 100 708 1.05869
32700 -8 0 63 100 688 1.05869
32720 -12 0 63 100 668 1.05869
32740 -15 0 63 100 648 1.05869
32760 -18 0 63 100 628 1.05869
32780 -19 0 63 100 608 1.05869
32800 -20 0 63 100 588 1.05869
32820 -20 0 63 100 568 1.05869
32840 -21 0 63 100 548 1.05869
32860 -20 0 63 100 528 1.05869
32880 -20 0 63 100 508 1.05869
32900 -18 0 63 100 488 1.05869
32920 -16 0 63 100 468 1.05869
32940 -15 0 63 100 448 1.05869
32960 -13 0 63 100 428 1.05869
32980 -11 0 63 100 408 1.05869
33000 -9 0 63 100 388 1.05869
33020 -6 0 63 100 368 1.05869
33040 -3 0 63 100 348 1.05869
33060 -1 0 63 100 328 1.05869
33080 1 0 63 100 308 1.05869
33100 2 0 63 100 288 1.05869
33120 5 0 63 100 268 1.05869
33140 7 0 63 100 248 1.05869
33150 9 0 63 100 238 1.05869
33170 11 0 63 100 218 1.05869
33190 12 0 63 100 198 1.05869
33210 14 0 63 100 178 1.05869
33230 14 0 63 100 158 1.05869
33250 14 0 63 100 138 1.05869
33270 15 0 63 100 118 1.05869
33290 16 0 63 100 98 1.05869
33310 16 0 63 100 78 1.05869
33330 16 0 63 100 58 1.05869
33350 17 0 63 100 38 1.05869
33370 16 0 63 100 18 1.05869
33390 16 0 63 100 942 1.05869
33410 16 0 63 100 922 1.05869
33430 15 0 63 100 902 1.05869
33450 13 0 63 100 882 1.05869
33470 11 0 63 100 862 1.05869
33490 9 0 63 100 842 1.05869
33510 4 0 63 100 822 1.05869
33530 0 0 63 100 802 1.05869
33550 -2 870 63 100 678 1.10524
33570 -6 0 63 100 658 1.10524
33590 -9 0 63 100 638 1.10524
33610 -13 0 63 100 618 1.10524
33630 -16 0 63 100 598 1.10524
33660 -19 0 63 100 568 1.10524
33680 -21 0 63 100 548 1.10524
33700 -22 0 63 100 528 1.10524
33720 -22 0 63 100 508 1.10524
33740 -23 0 63 100 488 1.10524
33760 -23 0 63 100 468 1.10524
33780 -22 0 63 100 448 1.10524
33800 -20 0 63 100 428 1.10524
33820 -18 0 63 100 408 1.10524
33840 -16 0 63 100 388 1.10524
33860 -14 0 63 100 368 1.10524
33880 -12 0 63 100 348 1.10524
33900 -9 0 63 100 328 1.10524
33920 -7 0 63 100 308 1.10524
33940 -4 0 63 100 288 1.10524
33960 -1 0 63 100 268 1.10524
33980 0 0 63 100 248 1.10524
34000 2 0 63 100 228 1.10524
34020 5 0 63 100 208 1.10524
34040 6 0 63 100 188 1.10524
34060 8 0 63 100 168 1.10524
34080 10 0 63 100 148 1.10524
34100 11 0 63 100 128 1.10524
34120 13 0 63 100 108 1.10524
34140 14 0 63 100 88 1.10524
34160 15 0 63 100 68 1.10524
34170 15 0 63 100 58 1.10524
34190 15 0 63 100 38 1.10524
34210 15 0 63 100 18 1.10524
34230 15 0 63 100 902 1.10524
34250 14 0 63 100 882 1.10524
34270 14 0 63 100 862 1.10524
34290 13 0 63 100 842 1.10524
34310 12 0 63 100 822 1.10524
34330 12 0 63 100 802 1.10524
34350 12 0 63 100 782 1.10524
34370 11 0 63 100 762 1.10524
34390 10 0 63 100 742 1.10524
34410 9 0 63 100 722 1.10524
34430 5 0 63 100 702 1.10524
34450 3 0 63 100 682 1.10524
34470 0 0 63 100 662 1.10524
34490 -3 940 63 100 699 1.07236
34510 -8 0 63 100 679 1.07236
34530 -11 0 63 100 659 1.07236
34550 -15 0 63 100 639 1.07236
34570 -18 0 63 100 619 1.07236
34590 -20 0 63 100 599 1.07236
34610 -23 0 63 100 579 1.07236
34630 -25 0 63 100 559 1.07236
34650 -25 0 63 100 539 1.07236
34680 -25 0 63 100 509 1.07236
34700 -25 0 63 100 489 1.07236
34720 -24 0 63 100 469 1.07236
34740 -22 0 63 100 449 1.07236
34760 -20 0 63 100 429 1.07236
34780 -18 0 63 100 409 1.07236
34800 -15 0 63 100 389 1.07236
34820 -12 0 63 100 369 1.07236
34840 -10 0 63 100 349 1.07236
34860 -6 0 63 100 329 1.07236
34880 -3 0 63 100 309 1.07236
34900 0 0 63 100 289 1.07236
34920 2 0 63 100 269 1.07236
34940 5 0 63 100 249 1.07236
34960 7 0 63 100 229 1.07236
34980 9 0 63 100 209 1.07236
35000 12 0 63 100 189 1.07236
35020 13 0 63 100 169 1.07236
35040 15 0 63 100 149 1.07236
35060 17 0 63 100 129 1.07236
35080 18 0 63 100 109 1.07236
35100 19 0 63 100 89 1.07236
35120 19 0 63 100 69 1.07236
35140 20 0 63 100 49 1.07236
35160 20 0 63 100 29 1.07236
35190 20 0 63 100 931 1.07236
35210 20 0 63 100 911 1.07236
35230 20 0 63 100 891 1.07236
35250 20 0 63 100 871 1.07236
35270 19 0 63 100 851 1.07236
35290 19 0 63 100 831 1.07236
35310 18 0 63 100 811 1.07236
35330 18 0 63 100 791 1.07236
35350 17 0 63 100 771 1.07236
35370 16 0 63 100 751 1.07236
35390 13 0 63 100 731 1.07236
35410 11 0 63 100 711 1.07236
35430 7 0 63 100 691 1.07236
35450 4 0 63 100 671 1.07236
35470 0 0 63 100 651 1.07236
35490 -4 1000 63 100 732 1.02393
35510 -9 0 63 100 712 1.02393
35530 -13 0 63 100 692 1.02393
35550 -16 0 63 100 672 1.02393
35570 -19 0 63 100 652 1.02393
35590 -21 0 63 100 632 1.02393
35610 -23 0 63 100 612 1.02393
35630 -23 0 63 100 592 1.02393
35650 -24 0 63 100 572 1.02393
35670 -23 0 63 100 552 1.02393
35690 -22 0 63 100 532 1.02393
35700 -20 0 63 100 522 1.02393
35720 -19 0 63 100 502 1.02393
35740 -17 0 63 100 482 1.02393
35760 -16 0 63 100 462 1.02393
35780 -13 0 63 100 442 1.02393
35800 -11 0 63 100 422 1.02393
35820 -8 0 63 100 402 1.02393
35840 -6 0 63 100 382 1.02393
35860 -3 0 63 100 362 1.02393
35880 0 0 63 100 342 1.02393
35900 1 0 63 100 322 1.02393
35920 4 0 63 100 302 1.02393
35940 7 0 63 100 282 1.02393
35960 9 0 63 100 262 1.02393
35980 11 0 63 100 242 1.02393
36000 13 0 63 100 222 1.02393
36020 15 0 63 100 202 1.02393
36040 16 0 63 100 182 1.02393
36060 17 0 63 100 162 1.02393
36080 17 0 63 100 142 1.02393
36100 17 0 63 100 122 1.02393
36120 18 0 63 100 102 1.02393
36140 17 0 63 100 82 1.02393
36160 17 0 63 100 62 1.02393
36180 17 0 63 100 42 1.02393
36210 17 0 63 100 12 1.02393
36230 16 0 63 100 968 1.02393
36250 14 0 63 100 948 1.02393
36270 13 0 63 100 928 1.02393
36290 11 0 63 100 908 1.02393
36310 9 0 63 100 888 1.02393
36330 6 0 63 100 868 1.02393
36350 2 0 63 100 848 1.02393
36370 -1 880 63 100 692 1.08295
36390 -6 0 63 100 672 1.08295
36410 -12 0 63 100 652 1.08295
36430 -16 0 63 100 632 1.08295
36450 -20 0 63 100 612 1.08295
36470 -23 0 63 100 592 1.08295
36490 -25 0 63 100 572 1.08295
36510 -26 0 63 100 552 1.08295
36530 -27 0 63 100 532 1.08295
36550 -27 0 63 100 512 1.08295
36570 -27 0 63 100 492 1.08295
36590 -26 0 63 100 472 1.08295
36610 -24 0 63 100 452 1.08295
36630 -22 0 63 100 432 1.08295
36650 -19 0 63 100 412 1.08295
36670 -16 0 63 100 392 1.08295
36690 -14 0 63 100 372 1.08295
36710 -11 0 63 100 352 1.08295
36720 -7 0 63 100 342 1.08295
36740 -4 0 63 100 322 1.08295
36760 -1 0 63 100 302 1.08295
36780 1 0 63 100 282 1.08295
36800 4 0 63 100 262 1.08295
36820 7 0 63 100 242 1.08295
36840 10 0 63 100 222 1.08295
36860 13 0 63 100 202 1.08295
36880 15 0 63 100 182 1.08295
36900 18 0 63 100 162 1.08295
36920 20 0 63 100 142 1.08295
36940 22 0 63 100 122 1.08295
36960 23 0 63 100 102 1.08295
36980 23 0 63 100 82 1.08295
37000 24 0 63 100 62 1.08295
37020 24 0 63 100 42 1.08295
37040 24 0 63 100 22 1.08295
37060 24 0 63 100 2 1.08295
37080 23 0 63 100 905 1.08295
37100 22 0 63 100 885 1.08295
37120 21 0 63 100 865 1.08295
37140 19 0 63 100 845 1.08295
37160 17 0 63 100 825 1.08295
37180 16 0 63 100 805 1.08295
37200 13 0 63 100 785 1.08295
37230 12 0 63 100 755 1.08295
37250 8 0 63 100 735 1.08295
37270 4 0 63 100 715 1.08295
37290 0 0 63 100 695 1.08295
37310 -3 940 63 100 705 1.06243
37330 -7 0 63 100 685 1.06243
37350 -11 0 63 100 665 1.06243
37370 -15 0 63 100 645 1.06243
37390 -17 0 63 100 625 1.06243
37410 -19 0 63 100 605 1.06243
37430 -21 0 63 100 585 1.06243
37450 -23 0 63 100 565 1.06243
37470 -25 0 63 100 545 1.06243
37490 -25 0 63 100 525 1.06243
37510 -25 0 63 100 505 1.06243
37530 -25 0 63 100 485 1.06243
37550 -24 0 63 100 465 1.06243
37570 -22 0 63 100 445 1.06243
37590 -20 0 63 100 425 1.06243
37610 -18 0 63 100 405 1.06243
37630 -16 0 63 100 385 1.06243
37650 -14 0 63 100 365 1.06243
37670 -11 0 63 100 345 1.06243
37690 -9 0 63 100 325 1.06243
37710 -6 0 63 100 305 1.06243
37740 -3 0 63 100 275 1.06243
37760 -2 0 63 100 255 1.06243
37780 0 0 63 100 235 1.06243
37800 1 0 63 100 215 1.06243
37820 3 0 63 100 195 1.06243
37840 7 0 63 100 175 1.06243
37860 9 0 63 100 155 1.06243
37880 12 0 63 100 135 1.06243
37900 15 0 63 100 115 1.06243
37920 18 0 63 100 95 1.06243
37940 21 0 63 100 75 1.06243
37960 23 0 63 100 55 1.06243
37980 25 0 63 100 35 1.06243
38000 26 0 63 100 15 1.06243
38020 28 0 63 100 936 1.06243
38040 29 0 63 100 916 1.06243
38060 29 0 63 100 896 1.06243
38080 29 0 63 100 876 1.06243
38100 28 0 63 100 856 1.06243
38120 26 0 63 100 836 1.06243
38140 23 0 63 100 816 1.06243
38160 19 0 63 100 796 1.06243
38180 15 0 63 100 776 1.06243
38200 9 0 63 100 756 1.06243
38220 3 0 63 100 736 1.06243
38240 -4 930 63 100 705 1.0631
38250 -17 0 63 100 695 1.0631
38270 -34 0 63 100 675 1.0631
38290 -51 0 63 100 655 1.0631
38310 -69 0 63 100 635 1.0631
38330 -85 0 63 100 615 1.0631
38350 -100 0 63 100 595 1.0631
38370 -111 0 63 100 575 1.0631
38390 -120 0 63 100 555 1.0631
38410 -126 0 63 100 535 1.0631
38430 -128 0 63 100 515 1.0631
38450 -127 0 63 100 495 1.0631
38470 -125 0 63 100 475 1.0631
38490 -120 0 63 100 455 1.0631
38510 -113 0 63 100 435 1.0631
38530 -104 0 63 100 415 1.0631
38550 -94 0 63 100 395 1.0631
38570 -83 0 63 100 375 1.0631
38590 -71 0 63 100 355 1.0631
38610 -59 0 63 100 335 1.0631
38630 -46 0 63 100 315 1.0631
38650 -33 0 63 100 295 1.0631
38670 -20 0 63 100 275 1.0631
38690 -7 0 63 100 255 1.0631
38710 4 0 63 100 235 1.0631
38730 15 0 63 100 215 1.0631
38760 26 0 63 100 185 1.0631
38780 36 0 63 100 165 1.0631
38800 45 0 63 100 145 1.0631
38820 52 0 63 100 125 1.0631
38840 59 0 63 100 105 1.0631
38860 64 0 63 100 85 1.0631
38880 69 0 63 100 65 1.0631
38900 72 0 63 100 45 1.0631
38920 75 0 63 100 25 1.0631
38940 76 0 63 100 5 1.0631
38960 77 0 63 100 925 1.0631
38980 79 0 63 100 905 1.0631
39000 82 0 63 100 885 1.0631
39020 90 0 63 100 865 1.0631
39040 99 0 63 100 845 1.0631
39060 106 0 63 100 825 1.0631
39080 110 0 63 100 805 1.0631
39100 107 0 63 100 785 1.0631
39120 101 0 63 100 765 1.0631
39140 91 0 63 100 745 1.0631
39160 79 0 63 100 725 1.0631
39180 66 0 63 100 705 1.0631
39200 53 0 63 100 685 1.0631
39220 39 0 63 100 665 1.0631
39240 25 0 63 100 645 1.0631
39260 14 0 63 100 625 1.0631
39270 3 0 63 100 615 1.0631
39290 -6 1050 63 100 756 0.991604
39310 -15 0 63 100 736 0.991604
39330 -21 0 63 100 716 0.991604
39350 -25 0 63 100 696 0.991604
39370 -29 0 63 100 676 0.991604
39390 -31 0 63 100 656 0.991604
39410 -33 0 63 100 636 0.991604
39430 -34 0 63 100 616 0.991604
39450 -33 0 63 100 596 0.991604
39470 -32 0 63 100 576 0.991604
39490 -30 0 63 100 556 0.991604
39510 -28 0 63 100 536 0.991604
39530 -26 0 63 100 516 0.991604
39550 -23 0 63 100 496 0.991604
39570 -20 0 63 100 476 0.991604
39590 -17 0 63 100 456 0.991604
39610 -13 0 63 100 436 0.991604
39630 -10 0 63 100 416 0.991604
39650 -7 0 63 100 396 0.991604
39670 -4 0 63 100 376 0.991604
39690 -1 0 63 100 356 0.991604
39710 1 0 63 100 336 0.991604
39730 4 0 63 100 316 0.991604
39750 6 0 63 100 296 0.991604
39780 8 0 63 100 266 0.991604
39800 9 0 63 100 246 0.991604
39820 11 0 63 100 226 0.991604
39840 12 0 63 100 206 0.991604
39860 13 0 63 100 186 0.991604
39880 15 0 63 100 166 0.991604
39900 17 0 63 100 146 0.991604
39920 23 0 63 100 126 0.991604
39940 31 0 63 100 106 0.991604
39960 37 0 63 100 86 0.991604
39980 39 0 63 100 66 0.991604
40000 38 0 63 100 46 0.991604
40020 34 0 63 100 26 0.991604
40040 28 0 63 100 6 0.991604
40060 21 0 63 100 994 0.991604
40080 13 0 63 100 974 0.991604
40100 5 0 63 100 954 0.991604
40120 -3 830 63 100 675 1.1102
40140 -10 0 63 100 655 1.1102
40160 -18 0 63 100 635 1.1102
40180 -25 0 63 100 615 1.1102
40200 -30 0 63 100 595 1.1102
40220 -34 0 63 100 575 1.1102
40240 -37 0 63 100 555 1.1102
40260 -38 0 63 100 535 1.1102
40290 -39 0 63 100 505 1.1102
40310 -39 0 63 100 485 1.1102
40330 -38 0 63 100 465 1.1102
40350 -36 0 63 100 445 1.1102
40370 -34 0 63 100 425 1.1102
40390 -30 0 63 100 405 1.1102
40410 -26 0 63 100 385 1.1102
40430 -22 0 63 100 365 1.1102
40450 -18 0 63 100 345 1.1102
40470 -14 0 63 100 325 1.1102
40490 -9 0 63 100 305 1.1102
40510 -5 0 63 100 285 1.1102
40530 0 0 63 100 265 1.1102
40550 2 0 63 100 245 1.1102
40570 6 0 63 100 225 1.1102
40590 10 0 63 100 205 1.1102
40610 12 0 63 100 185 1.1102
40630 15 0 63 100 165 1.1102
40650 18 0 63 100 145 1.1102
40670 20 0 63 100 125 1.1102
40690 21 0 63 100 105 1.1102
40710 23 0 63 100 85 1.1102
40730 25 0 63 100 65 1.1102
40750 26 0 63 100 45 1.1102
40770 28 0 63 100 25 1.1102
40790 28 0 63 100 5 1.1102
40800 30 0 63 100 895 1.1102
40820 30 0 63 100 875 1.1102
40840 31 0 63 100 855 1.1102
40860 31 0 63 100 835 1.1102
40880 30 0 63 100 815 1.1102
40900 28 0 63 100 795 1.1102
40920 25 0 63 100 775 1.1102
40940 20 0 63 100 755 1.1102
40960 15 0 63 100 735 1.1102
40980 9 0 63 100 715 1.1102
41000 3 0 63 100 695 1.1102
41020 -2 900 63 100 681 1.09952
41040 -8 0 63 100 661 1.09952
41060 -12 0 63 100 641 1.09952
41080 -17 0 63 100 621 1.09952
41100 -20 0 63 100 601 1.09952
41120 -23 0 63 100 581 1.09952
41140 -24 0 63 100 561 1.09952
41160 -24 0 63 100 541 1.09952
41180 -24 0 63 100 521 1.09952
41200 -23 0 63 100 501 1.09952
41220 -21 0 63 100 481 1.09952
41240 -19 0 63 100 461 1.09952
41260 -16 0 63 100 441 1.09952
41280 -13 0 63 100 421 1.09952
41310 -10 0 63 100 391 1.09952
41330 -6 0 63 100 371 1.09952
41350 -2 0 63 100 351 1.09952
41370 0 0 63 100 331 1.09952
41390 4 0 63 100 311 1.09952
41410 7 0 63 100 291 1.09952
41430 11 0 63 100 271 1.09952
41450 15 0 63 100 251 1.09952
41470 18 0 63 100 231 1.09952
41490 20 0 63 100 211 1.09952
41510 23 0 63 100 191 1.09952
41530 24 0 63 100 171 1.09952
41550 25 0 63 100 151 1.09952
41570 25 0 63 100 131 1.09952
41590 25 0 63 100 111 1.09952
41610 25 0 63 100 91 1.09952
41630 25 0 63 100 71 1.09952
41650 23 0 63 100 51 1.09952
41670 22 0 63 100 31 1.09952
41690 22 0 63 100 11 1.09952
41710 20 0 63 100 900 1.09952
41730 19 0 63 100 880 1.09952
41750 17 0 63 100 860 1.09952
41770 15 0 63 100 840 1.09952
41790 15 0 63 100 820 1.09952
41810 17 0 63 100 800 1.09952
41820 19 0 63 100 790 1.09952
41840 19 0 63 100 770 1.09952
41860 17 0 63 100 750 1.09952
41880 13 0 63 100 730 1.09952
41900 7 0 63 100 710 1.09952
41920 0 0 63 100 690 1.09952
41940 -5 920 63 100 690 1.08573
41960 -12 0 63 100 670 1.08573
41980 -18 0 63 100 650 1.08573
42000 -25 0 63 100 630 1.08573
42020 -30 0 63 100 610 1.08573
42040 -35 0 63 100 590 1.08573
42060 -38 0 63 100 570 1.08573
42080 -40 0 63 100 550 1.08573
42100 -41 0 63 100 530 1.08573
42120 -42 0 63 100 510 1.08573
42140 -42 0 63 100 490 1.08573
42160 -40 0 63 100 470 1.08573
42180 -38 0 63 100 450 1.08573
42200 -36 0 63 100 430 1.08573
42220 -32 0 63 100 410 1.08573
42240 -29 0 63 100 390 1.08573
42260 -25 0 63 100 370 1.08573
42280 -21 0 63 100 350 1.08573
42300 -17 0 63 100 330 1.08573
42330 -12 0 63 100 300 1.08573
42350 -9 0 63 100 280 1.08573
42370 -4 0 63 100 260 1.08573
42390 0 0 63 100 240 1.08573
42410 3 0 63 100 220 1.08573
42430 6 0 63 100 200 1.08573
42450 9 0 63 100 180 1.08573
42470 12 0 63 100 160 1.08573
42490 14 0 63 100 140 1.08573
42510 16 0 63 100 120 1.08573
42530 18 0 63 100 100 1.08573
42550 19 0 63 100 80 1.08573
42570 20 0 63 100 60 1.08573
42590 20 0 63 100 40 1.08573
42610 21 0 63 100 20 1.08573
42630 21 0 63 100 0 1.08573
42650 21 0 63 100 901 1.08573
42670 19 0 63 100 881 1.08573
42690 19 0 63 100 861 1.08573
42710 18 0 63 100 841 1.08573
42730 17 0 63 100 821 1.08573
42750 15 0 63 100 801 1.08573
42770 14 0 63 100 781 1.08573
42790 12 0 63 100 761 1.08573
42810 9 0 63 100 741 1.08573
42840 6 0 63 100 711 1.08573
42860 2 0 63 100 691 1.08573
42880 -2 940 63 100 702 1.0667
42900 -7 0 63 100 682 1.0667
42920 -13 0 63 100 662 1.0667
42940 -18 0 63 100 642 1.0667
42960 -22 0 63 100 622 1.0667
42980 -26 0 63 100 602 1.0667
43000 -28 0 63 100 582 1.0667
43020 -30 0 63 100 562 1.0667
43040 -31 0 63 100 542 1.0667
43060 -31 0 63 100 522 1.0667
43080 -29 0 63 100 502 1.0667
43100 -27 0 63 100 482 1.0667
43120 -23 0 63 100 462 1.0667
43140 -19 0 63 100 442 1.0667
43160 -15 0 63 100 422 1.0667
43180 -10 0 63 100 402 1.0667
43200 -6 0 63 100 382 1.0667
43220 -1 0 63 100 362 1.0667
43240 2 0 63 100 342 1.0667
43260 6 0 63 100 322 1.0667
43280 10 0 63 100 302 1.0667
43300 13 0 63 100 282 1.0667
43320 16 0 63 100 262 1.0667
43340 18 0 63 100 242 1.0667
43350 19 0 63 100 232 1.0667
43370 20 0 63 100 212 1.0667
43390 22 0 63 100 192 1.0667
43410 22 0 63 100 172 1.0667
43430 22 0 63 100 152 1.0667
43450 21 0 63 100 132 1.0667
43470 21 0 63 100 112 1.0667
43490 20 0 63 100 92 1.0667
43510 20 0 63 100 72 1.0667
43530 19 0 63 100 52 1.0667
43550 18 0 63 100 32 1.0667
43570 17 0 63 100 12 1.0667
43590 16 0 63 100 929 1.0667
43610 15 0 63 100 909 1.0667
43630 15 0 63 100 889 1.0667
43650 15 0 63 100 869 1.0667
43670 14 0 63 100 849 1.0667
43690 14 0 63 100 829 1.0667
43710 14 0 63 100 809 1.0667
43730 13 0 63 100 789 1.0667
43750 13 0 63 100 769 1.0667
43770 12 0 63 100 749 1.0667
43790 12 0 63 100 729 1.0667
43810 9 0 63 100 709 1.0667
43830 7 0 63 100 689 1.0667
43860 3 0 63 100 659 1.0667
43880 0 0 63 100 639 1.0667
43900 -3 1020 63 100 741 1.0103
43920 -7 0 63 100 721 1.0103
43940 -10 0 63 100 701 1.0103
43960 -13 0 63 100 681 1.0103
43980 -15 0 63 100 661 1.0103
44000 -16 0 63 100 641 1.0103
44020 -17 0 63 100 621 1.0103
44040 -18 0 63 100 601 1.0103
44060 -17 0 63 100 581 1.0103
44080 -16 0 63 100 561 1.0103
44100 -16 0 63 100 541 1.0103
44120 -15 0 63 100 521 1.0103
44140 -13 0 63 100 501 1.0103
44160 -12 0 63 100 481 1.0103
44180 -11 0 63 100 461 1.0103
44200 -11 0 63 100 441 1.0103
44220 -10 0 63 100 421 1.0103
44240 -8 0 63 100 401 1.0103
44260 -6 0 63 100 381 1.0103
44280 -6 0 63 100 361 1.0103
44300 -4 0 63 100 341 1.0103
44320 -2 0 63 100 321 1.0103
44340 -1 0 63 100 301 1.0103
44370 0 0 63 100 271 1.0103
44390 0 0 63 100 251 1.0103
44410 1 0 63 100 231 1.0103
44430 2 0 63 100 211 1.0103
44450 3 0 63 100 191 1.0103
44470 4 0 63 100 171 1.0103
44490 5 0 63 100 151 1.0103
44510 5 0 63 100 131 1.0103
44530 6 0 63 100 111 1.0103
44550 7 0 63 100 91 1.0103
44570 7 0 63 100 71 1.0103
44590 8 0 63 100 51 1.0103
44610 8 0 63 100 31 1.0103
44630 9 0 63 100 11 1.0103
44650 10 0 63 100 980 1.0103
44670 14 0 63 100 960 1.0103
44690 18 0 63 100 940 1.0103
44710 19 0 63 100 920 1.0103
44730 20 0 63 100 900 1.0103
44750 17 0 63 100 880 1.0103
44770 14 0 63 100 860 1.0103
44790 9 0 63 100 840 1.0103
44810 4 0 63 100 820 1.0103
44830 0 0 63 100 800 1.0103
44850 -6 950 63 100 728 1.02902
44870 -12 0 63 100 708 1.02902
44880 -17 0 63 100 698 1.02902
44900 -22 0 63 100 678 1.02902
44920 -26 0 63 100 658 1.02902
44940 -29 0 63 100 638 1.02902
44960 -30 0 63 100 618 1.02902
44980 -31 0 63 100 598 1.02902
45000 -30 0 63 100 578 1.02902
45020 -30 0 63 100 558 1.02902
45040 -29 0 63 100 538 1.02902
45060 -26 0 63 100 518 1.02902
45080 -24 0 63 100 498 1.02902
45100 -22 0 63 100 478 1.02902
45120 -17 0 63 100 458 1.02902
45140 -15 0 63 100 438 1.02902
45160 -11 0 63 100 418 1.02902
45180 -8 0 63 100 398 1.02902
45200 -4 0 63 100 378 1.02902
45220 -1 0 63 100 358 1.02902
45240 2 0 63 100 338 1.02902
45260 5 0 63 100 318 1.02902
45280 9 0 63 100 298 1.02902
45300 12 0 63 100 278 1.02902
45320 15 0 63 100 258 1.02902
45340 17 0 63 100 238 1.02902
45360 19 0 63 100 218 1.02902
45390 22 0 63 100 188 1.02902
45410 24 0 63 100 168 1.02902
45430 31 0 63 100 148 1.02902
45450 41 0 63 100 128 1.02902
45470 53 0 63 100 108 1.02902
45490 65 0 63 100 88 1.02902
45510 76 0 63 100 68 1.02902
45530 87 0 63 100 48 1.02902
45550 94 0 63 100 28 1.02902
45570 101 0 63 100 8 1.02902
45590 105 0 63 100 959 1.02902
45610 106 0 63 100 939 1.02902
45630 106 0 63 100 919 1.02902
45650 101 0 63 100 899 1.02902
45670 90 0 63 100 879 1.02902
45690 74 0 63 100 859 1.02902
45710 52 0 63 100 839 1.02902
45730 28 0 63 100 819 1.02902
45750 4 0 63 100 799 1.02902
45770 -20 920 63 100 711 1.05449
45790 -44 0 63 100 691 1.05449
45810 -64 0 63 100 671 1.05449
45830 -82 0 63 100 651 1.05449
45850 -97 0 63 100 631 1.05449
45870 -110 0 63 100 611 1.05449
45890 -119 0 63 100 591 1.05449
