0 10669
20 11175
40 11086
60 11263
80 11525
100 12117
120 14596
140 12091
160 12228
180 15313
200 15847
220 19805
240 24343
260 23831
280 23861
300 28545
320 27915
340 28483
360 28082
380 27924
400 27997
420 28058
440 28070
460 27985
480 28043
500 28153
520 28529
540 28564
560 28503
580 28142
600 27990
620 27932
640 27913
660 27997
680 28657
700 27970
720 28506
740 28063
760 27914
780 28043
800 24391
820 23988
840 23904
860 24515
880 23819
900 23919
920 23826
940 23864
960 23864
980 23847
1000 23817
1020 24031
1040 24022
1060 24057
1080 23819
1100 23828
1120 23873
1140 23889
1160 23867
1180 23836
1200 24028
1220 23948
1240 23913
1260 23850
1280 24539
1300 24501
1320 24476
1340 24479
1360 24483
1380 24517
1400 24575
1420 23882
1440 24526
1460 24399
1480 24520
1500 24405
1520 24415
1540 24531
1560 24521
1580 23906
1600 24045
1620 23872
1640 23934
1660 24057
1680 24385
1700 24335
1720 23947
1740 23855
1760 24057
1780 24041
1800 24001
1820 23928
1840 23967
1860 23855
1880 24023
1900 24522
1920 24462
1940 27966
1960 28109
1980 27947
2000 27941
2020 27930
2040 27924
2060 27909
2080 28153
2100 28155
2120 27905
2140 27924
2160 27934
2180 27915
2200 28151
2220 28145
2240 28141
2260 28136
2280 28137
2300 28121
2320 28101
2340 28061
2360 28018
2380 27996
2400 28002
2420 28010
2440 28018
2460 28039
2480 28053
2500 28047
2520 28050
2540 28038
2560 28037
2580 28046
2600 28050
2620 28074
2640 28097
2660 28095
2680 28082
2700 28077
2720 28077
2740 28085
2760 28089
2780 28095
2800 28096
2820 28102
2840 28111
2860 28124
2880 28131
2900 28138
2920 28154
2940 27924
2960 27945
2980 27965
3000 27984
3020 27997
3040 28008
3060 28018
3080 27987
3100 27969
3120 27948
3140 27930
3160 27917
3180 27921
3200 27917
3220 27916
3240 27913
3260 28158
3280 27909
3300 27905
3320 27906
3340 28159
3360 28145
3380 28142
3400 28148
3420 28142
3440 28155
3460 28153
3480 27905
3500 27910
3520 27915
3540 27910
3560 27939
3580 27949
3600 27965
3620 27977
3640 27979
3660 27986
3680 27991
3700 28002
3720 28004
3740 28010
3760 27998
3780 28002
3800 28018
3820 28039
3840 28066
3860 28074
3880 28075
3900 28053
3920 28026
3940 27993
3960 27949
3980 27929
4000 27926
4020 27922
4040 27930
4060 27940
4080 27932
4100 27930
4120 27924
4140 27917
4160 27922
4180 27940
4200 27979
4220 27991
4240 27998
4260 28005
4280 27999
4300 27990
4320 27977
4340 27965
4360 27957
4380 27945
4400 27946
4420 27953
4440 27962
4460 27963
4480 27963
4500 27953
4520 27938
4540 27931
4560 27941
4580 27951
4600 27968
4620 27963
4640 27949
4660 27935
4680 27930
4700 27916
4720 27904
4740 28131
4760 28102
4780 28086
4800 28083
4820 28079
4840 28065
4860 28053
4880 28037
4900 28025
4920 28024
4940 28030
4960 28029
4980 28032
5000 28023
5020 28020
5040 28017
5060 28023
5080 28041
5100 28051
5120 28061
5140 28060
5160 28052
5180 28060
5200 28055
5220 28068
5240 28073
5260 28082
5280 28092
5300 28106
5320 28113
5340 28116
5360 28125
5380 28131
5400 28128
5420 28136
5440 28127
5460 28123
5480 28125
5500 28110
5520 28095
5540 28052
5560 28035
5580 28011
5600 27993
5620 27991
5640 27982
5660 27979
5680 27964
5700 27961
5720 27964
5740 27968
5760 27983
5780 27979
5800 27974
5820 27969
5840 27968
5860 27980
5880 27988
5900 27995
5920 28006
5940 28017
5960 28034
5980 28039
6000 28074
6020 28096
6040 28113
6060 28134
6080 28143
6100 28144
6120 28148
6140 28150
6160 27909
6180 27922
6200 27930
6220 27933
6240 27936
6260 27937
6280 27944
6300 27940
6320 27935
6340 27908
6360 28134
6380 28104
6400 28079
6420 28060
6440 28049
6460 28044
6480 28052
6500 28053
6520 28041
6540 28040
6560 28049
6580 28064
6600 28073
6620 28066
6640 28067
6660 28069
6680 28079
6700 28077
6720 28075
6740 28065
6760 28070
6780 28071
6800 28090
6820 28094
6840 28106
6860 28110
6880 28110
6900 28115
6920 28111
6940 28115
6960 28122
6980 28137
7000 28137
7020 28139
7040 28141
7060 28151
7080 27905
7100 27914
7120 27926
7140 27921
7160 27904
7180 28131
7200 28095
7220 28060
7240 28032
7260 28018
7280 28005
7300 28004
7320 28003
7340 28003
7360 28002
7380 28009
7400 28018
7420 28018
7440 28025
7460 28021
7480 28023
7500 28022
7520 28024
7540 28026
7560 28020
7580 28020
7600 28014
7620 28010
7640 28028
7660 28031
7680 28042
7700 28045
7720 28053
7740 28058
7760 28066
7780 28069
7800 28081
7820 28088
7840 28098
7860 28110
7880 28122
7900 28127
7920 28128
7940 28128
7960 28144
7980 28141
8000 28136
8020 28098
8040 28069
8060 28034
8080 28013
8100 27995
8120 27988
8140 27991
8160 27990
8180 27987
8200 27982
8220 27982
8240 27982
8260 27983
8280 27980
8300 27984
8320 27976
8340 27974
8360 27985
8380 27992
8400 27997
8420 27995
8440 27996
8460 28010
8480 28014
8500 28024
8520 28037
8540 28047
8560 28049
8580 28059
8600 28072
8620 28083
8640 28099
8660 28118
8680 28121
8700 28133
8720 28131
8740 28128
8760 28133
8780 28138
8800 28144
8820 28149
8840 28149
8860 28125
8880 28089
8900 28057
8920 28041
8940 28024
8960 28022
8980 28015
9000 28014
9020 28017
9040 28028
9060 28048
9080 28050
9100 28045
9120 28044
9140 28040
9160 28044
9180 28062
9200 28084
9220 28103
9240 28109
9260 28115
9280 28122
9300 28121
9320 28127
9340 28126
9360 28144
9380 28147
9400 27916
9420 27927
9440 27931
9460 27940
9480 27949
9500 27966
9520 27973
9540 27982
9560 27987
9580 27995
9600 28008
9620 28031
9640 28052
9660 28075
9680 28094
9700 28073
9720 28046
9740 28011
9760 27985
9780 27981
9800 27981
9820 27997
9840 28009
9860 28022
9880 28012
9900 28013
9920 28014
9940 28016
9960 28026
9980 28024
10000 28020
10020 28008
10040 28009
10060 28012
10080 28023
10100 28030
10120 28031
10140 28032
10160 28036
10180 28046
10200 28054
10220 28060
10240 28070
10260 28075
10280 28081
10300 28088
10320 28100
10340 28118
10360 28128
10380 28124
10400 28133
10420 28134
10440 28142
10460 28153
10480 28425
10500 28437
10520 28433
10540 28156
10560 28126
10580 28090
10600 28068
10620 28058
10640 28046
10660 28044
10680 28041
10700 28046
10720 28036
10740 28044
10760 28055
10780 28063
10800 28056
10820 28061
10840 28066
10860 28074
10880 28083
10900 28092
10920 28097
10940 28106
10960 28100
10980 28109
11000 28116
11020 28112
11040 28123
11060 28127
11080 28133
11100 28148
11120 28420
11140 28424
11160 28427
11180 28434
11200 28437
11220 28441
11240 28455
11260 28460
11280 28469
11300 28479
11320 28489
11340 28504
11360 28514
11380 28511
11400 28499
11420 28467
11440 28442
11460 28149
11480 28130
11500 28132
11520 28121
11540 28146
11560 28157
11580 28156
11600 28155
11620 28157
11640 28418
11660 28421
11680 28422
11700 28426
11720 28432
11740 28435
11760 28433
11780 28430
11800 28421
11820 28421
11840 28428
11860 28442
11880 28459
11900 28469
11920 28466
11940 28460
11960 28467
11980 28473
12000 28486
12020 28493
12040 28512
12060 28524
12080 28522
12100 28525
12120 28535
12140 28550
12160 28556
12180 28570
12200 28575
12220 28584
12240 28591
12260 28592
12280 28582
12300 28568
12320 28542
12340 28515
12360 28508
12380 28511
12400 28509
12420 28503
12440 28502
12460 28500
12480 28496
12500 28494
12520 28505
12540 28516
12560 28512
12580 28508
12600 28511
12620 28519
12640 28513
12660 28509
12680 28518
12700 28513
12720 28520
12740 28519
12760 28523
12780 28528
12800 28541
12820 28550
12840 28557
12860 28558
12880 28575
12900 28576
12920 28596
12940 28603
12960 28611
12980 28611
13000 28602
13020 28614
13040 28642
13060 28658
13080 28667
13100 28418
13120 28416
13140 28649
13160 28631
13180 28612
13200 28610
13220 28608
13240 28598
13260 28595
13280 28589
13300 28574
13320 28573
13340 28594
13360 28602
13380 28605
13400 28599
13420 28598
13440 28590
13460 28600
13480 28594
13500 28595
13520 28618
13540 28622
13560 28619
13580 28624
13600 28626
13620 28626
13640 28632
13660 28635
13680 28633
13700 28634
13720 28639
13740 28647
13760 28652
13780 28658
13800 28659
13820 28668
13840 28664
13860 28661
13880 28648
13900 28657
13920 28416
13940 28433
13960 28440
13980 28428
14000 28653
14020 28623
14040 28605
14060 28596
14080 28596
14100 28601
14120 28605
14140 28602
14160 28590
14180 28592
14200 28601
14220 28608
14240 28608
14260 28602
14280 28601
14300 28604
14320 28603
14340 28610
14360 28608
14380 28611
14400 28614
14420 28617
14440 28621
14460 28623
14480 28627
14500 28630
14520 28648
14540 28654
14560 28655
14580 28662
14600 28666
14620 28671
14640 28425
14660 28430
14680 28428
14700 28441
14720 28446
14740 28460
14760 28463
14780 28461
14800 28467
14820 28477
14840 28462
14860 28438
14880 28668
14900 28651
14920 28636
14940 28637
14960 28635
14980 28638
15000 28633
15020 28630
15040 28629
15060 28634
15080 28645
15100 28637
15120 28639
15140 28633
15160 28637
15180 28644
15200 28650
15220 28653
15240 28658
15260 28657
15280 28664
15300 28663
15320 28419
15340 28421
15360 28424
15380 28433
15400 28433
15420 28443
15440 28447
15460 28448
15480 28452
15500 28448
15520 28453
15540 28452
15560 28452
15580 28468
15600 28476
15620 28485
15640 28492
15660 28493
15680 28487
15700 28483
15720 28464
15740 28447
15760 28422
15780 28664
15800 28648
15820 28659
15840 28657
15860 28661
15880 28663
15900 28667
15920 28416
15940 28419
15960 28668
15980 28419
16000 28668
16020 28424
16040 28430
16060 28431
16080 28435
16100 28430
16120 28425
16140 28428
16160 28439
16180 28448
16200 28458
16220 28469
16240 28475
16260 28479
16280 28479
16300 28483
16320 28497
16340 28503
16360 28513
16380 28511
16400 28518
16420 28519
16440 28523
16460 28525
16480 28531
16500 28535
16520 28539
16540 28540
16560 28545
16580 28528
16600 28508
16620 28497
16640 28486
16660 28485
16680 28469
16700 28462
16720 28459
16740 28458
16760 28465
16780 28468
16800 28473
16820 28467
16840 28466
16860 28469
16880 28463
16900 28466
16920 28467
16940 28467
16960 28482
16980 28482
17000 28477
17020 28485
17040 28488
17060 28489
17080 28505
17100 28518
17120 28534
17140 28548
17160 28551
17180 28556
17200 28558
17220 28571
17240 28580
17260 28595
17280 28592
17300 28601
17320 28609
17340 28614
17360 28629
17380 28634
17400 28640
17420 28642
17440 28622
17460 28594
17480 28570
17500 28556
17520 28560
17540 28562
17560 28565
17580 28569
17600 28561
17620 28557
17640 28552
17660 28559
17680 28570
17700 28571
17720 28569
17740 28566
17760 28572
17780 28570
17800 28575
17820 28584
17840 28602
17860 28605
17880 28604
17900 28606
17920 28622
17940 28622
17960 28626
17980 28623
18000 28622
18020 28638
18040 28641
18060 28659
18080 28671
18100 28668
18120 28671
18140 28666
18160 27905
18180 27906
18200 27919
18220 27929
18240 27935
18260 27940
18280 27931
18300 27906
18320 28650
18340 28631
18360 28630
18380 28630
18400 28631
18420 28620
18440 28623
18460 28620
18480 28612
18500 28619
18520 28628
18540 28634
18560 28629
18580 28622
18600 28615
18620 28613
18640 28618
18660 28621
18680 28626
18700 28628
18720 28622
18740 28628
18760 28640
18780 28646
18800 28649
18820 28647
18840 28650
18860 28653
18880 28657
18900 28668
18920 27905
18940 27910
18960 28668
18980 28658
19000 28662
19020 28669
19040 27916
19060 27923
19080 27938
19100 27941
19120 27935
19140 27926
19160 27912
19180 28663
19200 28647
19220 28636
19240 28629
19260 28631
19280 28625
19300 28614
19320 28606
19340 28610
19360 28612
19380 28621
19400 28626
19420 28621
19440 28609
19460 28613
19480 28602
19500 28605
19520 28610
19540 28610
19560 28609
19580 28608
19600 28622
19620 28627
19640 28634
19660 28646
19680 28643
19700 28642
19720 28644
19740 28649
19760 28652
19780 28658
19800 28659
19820 28665
19840 28667
19860 28667
19880 27904
19900 27915
19920 27921
19940 27923
19960 27920
19980 27910
20000 28665
20020 28626
20040 28562
20060 28485
20080 28646
20100 28517
20120 28470
20140 28464
20160 28497
20180 28544
20200 28618
20220 28429
20240 28473
20260 28479
20280 28477
20300 28445
20320 28417
20340 28665
20360 28666
20380 28417
20400 28667
20420 28654
20440 28641
20460 28632
20480 28621
20500 28639
20520 28649
20540 28670
20560 28418
20580 28426
20600 28421
20620 28416
20640 28664
20660 28652
20680 28652
20700 28657
20720 28417
20740 28431
20760 28450
20780 28464
20800 28486
20820 28526
20840 28582
20860 28633
20880 28658
20900 28666
20920 28670
20940 28641
20960 28617
20980 28584
21000 28557
21020 28529
21040 28522
21060 28550
21080 28597
21100 28655
21120 27930
21140 27930
21160 27924
21180 27911
21200 28662
21220 28648
21240 28640
21260 28629
21280 28618
21300 28618
21320 28622
21340 28613
21360 28611
21380 28607
21400 28616
21420 28607
21440 28616
21460 28657
21480 27936
21500 28010
21520 28084
21540 28124
21560 28132
21580 28128
21600 28125
21620 28131
21640 28132
21660 28133
21680 28126
21700 28139
21720 28157
21740 27921
21760 27928
21780 27928
21800 27933
21820 27926
21840 27909
21860 28153
21880 28154
21900 28143
21920 28131
21940 28119
21960 28117
21980 28089
22000 28089
22020 28063
22040 28041
22060 28028
22080 28009
22100 27992
22120 27972
22140 27974
22160 28001
22180 28007
22200 28017
22220 28031
22240 28051
22260 28078
22280 28097
22300 28119
22320 28153
22340 27916
22360 27940
22380 27944
22400 27946
22420 27960
22440 27986
22460 28012
22480 28034
22500 28074
22520 28101
22540 28127
22560 28136
22580 28122
22600 28106
22620 28065
22640 28036
22660 28019
22680 28007
22700 27999
22720 27984
22740 27966
22760 27956
22780 27954
22800 27952
22820 27961
22840 27958
22860 27951
22880 27940
22900 27930
22920 27917
22940 27911
22960 28153
22980 28138
23000 28124
23020 28100
23040 28075
23060 28077
23080 28075
23100 28089
23120 28095
23140 28102
23160 28104
23180 28113
23200 28116
23220 28111
23240 28118
23260 28120
23280 28126
23300 28130
23320 28149
23340 27904
23360 27918
23380 27915
23400 28149
23420 28118
23440 28096
23460 28077
23480 28066
23500 28067
23520 28061
23540 28061
23560 28057
23580 28058
23600 28058
23620 28060
23640 28078
23660 28078
23680 28086
23700 28088
23720 28084
23740 28084
23760 28094
23780 28091
23800 28097
23820 28096
23840 28097
23860 28095
23880 28096
23900 28103
23920 28108
23940 28120
23960 28122
23980 28122
24000 28116
24020 28122
24040 28136
24060 28144
24080 28140
24100 28139
24120 28142
24140 28144
24160 28156
24180 27906
24200 28154
24220 28138
24240 28109
24260 28091
24280 28061
24300 28055
24320 28046
24340 28041
24360 28033
24380 28013
24400 27999
24420 27992
24440 27998
24460 27981
24480 27988
24500 27988
24520 27985
24540 27978
24560 27983
24580 27983
24600 27985
24620 27986
24640 27981
24660 27979
24680 27990
24700 27998
24720 28002
24740 28001
24760 28020
24780 28014
24800 28013
24820 28023
24840 28023
24860 28026
24880 28027
24900 28019
24920 28021
24940 28023
24960 28025
24980 28034
25000 28048
25020 28030
25040 28018
25060 27990
25080 27965
25100 27949
25120 27941
25140 27929
25160 27927
25180 27928
25200 27925
25220 27917
25240 27917
25260 27921
25280 27926
25300 27923
25320 27921
25340 27917
25360 27917
25380 27923
25400 27930
25420 27928
25440 27928
25460 27919
25480 27922
25500 27926
25520 27933
25540 27937
25560 27939
25580 27947
25600 27952
25620 27963
25640 27975
25660 27975
25680 27976
25700 27975
25720 27974
25740 27983
25760 27984
25780 27987
25800 27993
25820 27999
25840 27996
25860 27988
25880 27960
25900 27933
25920 28667
25940 28641
25960 28616
25980 28621
26000 28619
26020 28614
26040 28613
26060 28611
26080 28605
26100 28615
26120 28613
26140 28625
26160 28625
26180 28625
26200 28624
26220 28622
26240 28618
26260 28619
26280 28622
26300 28633
26320 28630
26340 28638
26360 28633
26380 28642
26400 28645
26420 28659
26440 28657
26460 28648
26480 28663
26500 28668
26520 28671
26540 27907
26560 28670
26580 28668
26600 28668
26620 27906
26640 27907
26660 27914
26680 27919
26700 27910
26720 28665
26740 28643
26760 28626
26780 28612
26800 28606
26820 28592
26840 28579
26860 28582
26880 28568
26900 28573
26920 28588
26940 28587
26960 28589
26980 28584
27000 28577
27020 28572
27040 28579
27060 28582
27080 28582
27100 28594
27120 28601
27140 28607
27160 28603
27180 28604
27200 28602
27220 28608
27240 28612
27260 28626
27280 28628
27300 28637
27320 28643
27340 28652
27360 28651
27380 28660
27400 27904
27420 27916
27440 27916
27460 27916
27480 27922
27500 27920
27520 27917
27540 27922
27560 27916
27580 28668
27600 28640
27620 28625
27640 28608
27660 28597
27680 28598
27700 28593
27720 28595
27740 28588
27760 28584
27780 28588
27800 28594
27820 28597
27840 28603
27860 28605
27880 28604
27900 28601
27920 28603
27940 28598
27960 28600
27980 28608
28000 28611
28020 28616
28040 28623
28060 28625
28080 28627
28100 28637
28120 28638
28140 28639
28160 28636
28180 28642
28200 28646
28220 28646
28240 28649
28260 28653
28280 28653
28300 28655
28320 28647
28340 28652
28360 28651
28380 28650
28400 28649
28420 28624
28440 28595
28460 28565
28480 28553
28500 28536
28520 28519
28540 28508
28560 28502
28580 28491
28600 28494
28620 28494
28640 28503
28660 28511
28680 28497
28700 28495
28720 28495
28740 28503
28760 28508
28780 28507
28800 28514
28820 28512
28840 28521
28860 28527
28880 28543
28900 28548
28920 28543
28940 28537
28960 28539
28980 28547
29000 28555
29020 28561
29040 28570
29060 28570
29080 28568
29100 28574
29120 28567
29140 28564
29160 28579
29180 28594
29200 28596
29220 28604
29240 28603
29260 28601
29280 28579
29300 28559
29320 28532
29340 28515
29360 28508
29380 28501
29400 28491
29420 28477
29440 28465
29460 28463
29480 28467
29500 28467
29520 28474
29540 28484
29560 28479
29580 28472
29600 28474
29620 28473
29640 28463
29660 28453
29680 28466
29700 28472
29720 28475
29740 28482
29760 28487
29780 28491
29800 28495
29820 28506
29840 28512
29860 28515
29880 28519
29900 28517
29920 28522
29940 28524
29960 28531
29980 28540
30000 28548
30020 28543
30040 28545
30060 28554
30080 28561
30100 28567
30120 28570
30140 28561
30160 28548
30180 28520
30200 28500
30220 28481
30240 28473
30260 28471
30280 28463
30300 28460
30320 28457
30340 28464
30360 28472
30380 28484
30400 28490
30420 28497
30440 28494
30460 28503
30480 28499
30500 28508
30520 28516
30540 28530
30560 28534
30580 28542
30600 28549
30620 28555
30640 28559
30660 28576
30680 28576
30700 28576
30720 28589
30740 28599
30760 28607
30780 28608
30800 28617
30820 28619
30840 28610
30860 28614
30880 28625
30900 28630
30920 28640
30940 28646
30960 28649
30980 28640
31000 28619
31020 28598
31040 28585
31060 28564
31080 28550
31100 28548
31120 28539
31140 28534
31160 28534
31180 28536
31200 28539
31220 28542
31240 28549
31260 28545
31280 28552
31300 28552
31320 28556
31340 28563
31360 28567
31380 28567
31400 28572
31420 28588
31440 28581
31460 28594
31480 28598
31500 28597
31520 28597
31540 28600
31560 28599
31580 28600
31600 28605
31620 28605
31640 28607
31660 28605
31680 28598
31700 28599
31720 28601
31740 28602
31760 28610
31780 28609
31800 28604
31820 28595
31840 28572
31860 28553
31880 28526
31900 28506
31920 28499
31940 28477
31960 28471
31980 28469
32000 28465
32020 28455
32040 28463
32060 28461
32080 28461
32100 28456
32120 28460
32140 28451
32160 28452
32180 28461
32200 28467
32220 28466
32240 28470
32260 28466
32280 28475
32300 28478
32320 28484
32340 28488
32360 28488
32380 28494
32400 28490
32420 28496
32440 28499
32460 28503
32480 28511
32500 28515
32520 28515
32540 28521
32560 28509
32580 28508
32600 28508
32620 28511
32640 28516
32660 28503
32680 28478
32700 28436
32720 28664
32740 28630
32760 28617
32780 28619
32800 28612
32820 28589
32840 28577
32860 28567
32880 28568
32900 28568
32920 28576
32940 28571
32960 28566
32980 28560
33000 28557
33020 28562
33040 28566
33060 28562
33080 28562
33100 28566
33120 28568
33140 28577
33160 28579
33180 28588
33200 28584
33220 28593
33240 28594
33260 28589
33280 28605
33300 28609
33320 28607
33340 28605
33360 28605
33380 28602
33400 28610
33420 28612
33440 28615
33460 28628
33480 28617
33500 28604
33520 28564
33540 28524
33560 28486
33580 28480
33600 28478
33620 28478
33640 28475
33660 28460
33680 28444
33700 28438
33720 28455
33740 28459
33760 28463
33780 28459
33800 28459
33820 28453
33840 28461
33860 28460
33880 28467
33900 28464
33920 28466
33940 28467
33960 28468
33980 28472
34000 28477
34020 28484
34040 28480
34060 28472
34080 28472
34100 28480
34120 28481
34140 28489
34160 28494
34180 28495
34200 28483
34220 28481
34240 28480
34260 28476
34280 28480
34300 28489
34320 28494
34340 28486
34360 28444
34380 28421
34400 28126
34420 28098
34440 28101
34460 28102
34480 28109
34500 28106
34520 28109
34540 28115
34560 28109
34580 28124
34600 28123
34620 28128
34640 28134
34660 28133
34680 28132
34700 28144
34720 28153
34740 28155
34760 28416
34780 28431
34800 28435
34820 28436
34840 28442
34860 28456
34880 28456
34900 28459
34920 28464
34940 28466
34960 28472
34980 28473
35000 28491
35020 28493
35040 28501
35060 28506
35080 28509
35100 28517
35120 28521
35140 28533
35160 28535
35180 28534
35200 28515
35220 28492
35240 28459
35260 28439
35280 28424
35300 28149
35320 28145
35340 28139
35360 28126
35380 28131
35400 28132
35420 28145
35440 28152
35460 28158
35480 28153
35500 28147
35520 28148
35540 28424
35560 28435
35580 28442
35600 28442
35620 28442
35640 28445
35660 28444
35680 28459
35700 28462
35720 28470
35740 28481
35760 28477
35780 28485
35800 28484
35820 28498
35840 28509
35860 28505
35880 28505
35900 28509
35920 28501
35940 28514
35960 28520
35980 28530
36000 28542
36020 28546
36040 28544
36060 28550
36080 28533
36100 28506
36120 28482
36140 28460
36160 28447
36180 28445
36200 28437
36220 28423
36240 28416
36260 28157
36280 28419
36300 28433
36320 28437
36340 28438
36360 28437
36380 28438
36400 28451
36420 28450
36440 28468
36460 28476
36480 28477
36500 28474
36520 28482
36540 28491
36560 28492
36580 28500
36600 28508
36620 28507
36640 28500
36660 28513
36680 28519
36700 28529
36720 28541
36740 28549
36760 28549
36780 28552
36800 28548
36820 28563
36840 28573
36860 28577
36880 28585
36900 28586
36920 28588
36940 28602
36960 28611
36980 28603
37000 28591
37020 28559
37040 28541
37060 28519
37080 28509
37100 28512
37120 28508
37140 28505
37160 28503
37180 28498
37200 28515
37220 28516
37240 28515
37260 28518
37280 28523
37300 28527
37320 28529
37340 28528
37360 28542
37380 28546
37400 28550
37420 28549
37440 28559
37460 28568
37480 28579
37500 28603
37520 28615
37540 28611
37560 28614
37580 28620
37600 28619
37620 28622
37640 28619
37660 28623
37680 28632
37700 28641
37720 28646
37740 28645
37760 28647
37780 28648
37800 28643
37820 28649
37840 28651
37860 28661
37880 28663
37900 28645
37920 28615
37940 28594
37960 28582
37980 28573
38000 28570
38020 28569
38040 28581
38060 28588
38080 28587
38100 28584
38120 28591
38140 28585
38160 28585
38180 28585
38200 28592
38220 28598
38240 28596
38260 28595
38280 28596
38300 28596
38320 28601
38340 28606
38360 28614
38380 28617
38400 28621
38420 28619
38440 28634
38460 28644
38480 28665
38500 28662
38520 28418
38540 28430
38560 28440
38580 28445
38600 28451
38620 28462
38640 28459
38660 28456
38680 28459
38700 28474
38720 28486
38740 28490
38760 28484
38780 28461
38800 28442
38820 28423
38840 28662
38860 28648
38880 28635
38900 28626
38920 28618
38940 28624
38960 28621
38980 28622
39000 28631
39020 28634
39040 28635
39060 28640
39080 28640
39100 28644
39120 28651
39140 28660
39160 28657
39180 28661
39200 28653
39220 28659
39240 28416
39260 28421
39280 28432
39300 28438
39320 28449
39340 28451
39360 28452
39380 28451
39400 28449
39420 28460
39440 28468
39460 28477
39480 28484
39500 28487
39520 28483
39540 28483
39560 28488
39580 28503
39600 28519
39620 28533
39640 28533
39660 28529
39680 28499
39700 28475
39720 28466
39740 28450
39760 28442
39780 28431
39800 28419
39820 28669
39840 28667
39860 28665
39880 28670
39900 28423
39920 28430
39940 28429
39960 28427
39980 28434
40000 28437
40020 28444
40040 28456
40060 28456
40080 28454
40100 28449
40120 28449
40140 28460
40160 28467
40180 28475
40200 28472
40220 28474
40240 28486
40260 28488
40280 28492
40300 28499
40320 28497
40340 28503
40360 28500
40380 28503
40400 28496
40420 28500
40440 28510
40460 28509
40480 28518
40500 28525
40520 28530
40540 28538
40560 28529
40580 28517
40600 28501
40620 28468
40640 28453
40660 28441
40680 28433
40700 28425
40720 28671
40740 28425
40760 28420
40780 28423
40800 28421
40820 28427
40840 28422
40860 28421
40880 28416
40900 28416
40920 28417
40940 28417
40960 28420
40980 28671
41000 28419
41020 28424
41040 28428
41060 28440
41080 28444
41100 28443
41120 28437
41140 28446
41160 28455
41180 28464
41200 28464
41220 28477
41240 28461
41260 28461
41280 28471
41300 28483
41320 28496
41340 28509
41360 28519
41380 28511
41400 28497
41420 28509
41440 28487
41460 28456
41480 28430
41500 28665
41520 28656
41540 28647
41560 28640
41580 28639
41600 28617
41620 28603
41640 28588
41660 28592
41680 28588
41700 28595
41720 28586
41740 28591
41760 28593
41780 28593
41800 28597
41820 28595
41840 28596
41860 28597
41880 28605
41900 28611
41920 28627
41940 28614
41960 28618
41980 28602
42000 28602
42020 28603
42040 28615
42060 28623
42080 28616
42100 28607
42120 28600
42140 28607
42160 28598
42180 28598
42200 28606
42220 28611
42240 28600
42260 28581
42280 28560
42300 28531
42320 28497
42340 28477
42360 28453
42380 28429
42400 28150
42420 28149
42440 28139
42460 28140
42480 28135
42500 28139
42520 28145
42540 28140
42560 28144
42580 28143
42600 28134
42620 28137
42640 28148
42660 28151
42680 28156
42700 28153
42720 28157
42740 28152
42760 28159
42780 28157
42800 28422
42820 28421
42840 28416
42860 28158
42880 28151
42900 28153
42920 28157
42940 28153
42960 28420
42980 28418
43000 28423
43020 28422
43040 28427
43060 28426
43080 28428
43100 28431
43120 28419
43140 28134
43160 28098
43180 28062
43200 28033
43220 28020
43240 28003
43260 27999
43280 27991
43300 27971
43320 27960
43340 27965
43360 27975
43380 27980
43400 27968
43420 27970
43440 27961
43460 27967
43480 27970
43500 27979
43520 27977
43540 27968
43560 27958
43580 27971
43600 27976
43620 27981
43640 27987
43660 27990
43680 27993
43700 27995
43720 27999
43740 28006
43760 28007
43780 28004
43800 28005
43820 28003
43840 28008
43860 28006
43880 28001
43900 27984
43920 27993
43940 27981
43960 27981
43980 27961
44000 27924
44020 28142
44040 28109
44060 28098
44080 28071
44100 28051
44120 28043
44140 28042
44160 28035
44180 28027
44200 28026
44220 28033
44240 28037
44260 28036
44280 28029
44300 28017
44320 28020
44340 28019
44360 28016
44380 28015
44400 28004
44420 28013
44440 28003
44460 27983
44480 27976
44500 27982
44520 27985
44540 27986
44560 27981
44580 27978
44600 27972
44620 27974
44640 27978
44660 27971
44680 27956
44700 27946
44720 27945
44740 27946
44760 27952
44780 27966
44800 27969
44820 27966
44840 27939
44860 27909
44880 24558
44900 24544
44920 24535
44940 24536
44960 24547
44980 24555
45000 24554
45020 24568
45040 27912
45060 27928
45080 27939
45100 27955
45120 27957
45140 27968
45160 27970
45180 27979
45200 27991
45220 28008
45240 28022
45260 28032
45280 28035
45300 28038
45320 28042
45340 28045
45360 28053
45380 28053
45400 28060
45420 28066
45440 28074
45460 28085
45480 28091
45500 28095
45520 28098
45540 28103
45560 28111
45580 28124
45600 28128
45620 28140
45640 28151
45660 28155
45680 28144
45700 28114
45720 28075
45740 28049
45760 28036
45780 28039
45800 28045
45820 28034
45840 28034
45860 28024
45880 28017
45900 28036
45920 28046
45940 28054
45960 28061
45980 28062
46000 28053
46020 28055
46040 28055
46060 28053
46080 28073
46100 28069
46120 28066
46140 28057
46160 28056
46180 28070
46200 28083
46220 28087
46240 28090
46260 28072
46280 28075
46300 28075
46320 28081
46340 28093
46360 28099
46380 28091
46400 28098
46420 28093
46440 28096
46460 28110
46480 28126
46500 28137
46520 28135
46540 28121
46560 28089
46580 28062
46600 28038
46620 28015
46640 28002
46660 27997
46680 27988
46700 27985
46720 27986
46740 27987
46760 27991
46780 27990
46800 27993
46820 27988
46840 27983
46860 27984
46880 27985
46900 27986
46920 27995
46940 27982
46960 27978
46980 27975
47000 27974
47020 27984
47040 27990
47060 27995
47080 27996
47100 27999
47120 28004
47140 28017
47160 28021
47180 28020
47200 28032
47220 28027
47240 28033
47260 28030
47280 28033
47300 28030
47320 28043
47340 28047
47360 28053
47380 28042
47400 28047
47420 28035
47440 28015
47460 27990
47480 27949
47500 27926
47520 27905
47540 24571
47560 24558
47580 24554
47600 24554
47620 24550
47640 24541
47660 24548
47680 24549
47700 24543
47720 24545
47740 24541
47760 24543
47780 24538
47800 24533
47820 24536
47840 24536
47860 24542
47880 24529
47900 24535
47920 24540
47940 24545
47960 24547
47980 24548
48000 24546
48020 24539
48040 24541
48060 24542
48080 24543
48100 24548
48120 24549
48140 24545
48160 24534
48180 24533
48200 24537
48220 24554
48240 24566
48260 24574
48280 27911
48300 24572
48320 24533
48340 24497
48360 24464
48380 24451
48400 24452
48420 24444
48440 24442
48460 24439
48480 24436
48500 24424
48520 24427
48540 24440
48560 24437
48580 24440
48600 24441
48620 24442
48640 24444
48660 24454
48680 24470
48700 24471
48720 24474
48740 24476
48760 24473
48780 24484
48800 24496
48820 24509
48840 24515
48860 24515
48880 24519
48900 24520
48920 24531
48940 24538
48960 24548
48980 24556
49000 24563
49020 24559
49040 24560
49060 27904
49080 27907
49100 27920
49120 27924
49140 27923
49160 27912
49180 24574
49200 24548
49220 24526
49240 24497
49260 24481
49280 24469
49300 24459
49320 24451
49340 24439
49360 24440
49380 24433
49400 24435
49420 24451
49440 24454
49460 24451
49480 24450
49500 24464
49520 24466
49540 24477
49560 24479
49580 24485
49600 24491
49620 24493
49640 24503
49660 24517
49680 24529
49700 24545
49720 24555
49740 24575
49760 27923
49780 27951
49800 27974
49820 28004
49840 28027
49860 28054
49880 28065
49900 28080
49920 28093
49940 28103
49960 28111
49980 28127
50000 28144
50020 28153
50040 27908
50060 28156
50080 28136
50100 28102
50120 28069
50140 28032
50160 28016
50180 28008
50200 28003
50220 28007
50240 28005
50260 27998
50280 27989
50300 27992
50320 27995
50340 28010
50360 28007
50380 28010
50400 28012
50420 28013
50440 28018
50460 28027
50480 28028
50500 28029
50520 28028
50540 28031
50560 28030
50580 28034
50600 28041
50620 28041
50640 28039
50660 28040
50680 28035
50700 28028
50720 28039
50740 28048
50760 28066
50780 28071
50800 28071
50820 28065
50840 28063
50860 28061
50880 28061
50900 28068
50920 28080
50940 28071
50960 28043
50980 28006
51000 27982
51020 27961
51040 27942
51060 27943
51080 27940
51100 27934
51120 27926
51140 27923
51160 27933
51180 27935
51200 27931
51220 27923
51240 27925
51260 27930
51280 27922
51300 27930
51320 27927
51340 27930
51360 27925
51380 27925
51400 27932
51420 27942
51440 27944
51460 27943
51480 27941
51500 27939
51520 27939
51540 27943
51560 27960
51580 27965
51600 27965
51620 27966
51640 27967
51660 27956
51680 27961
51700 27974
51720 27976
51740 27987
51760 27989
51780 27996
51800 27988
51820 27963
51840 27938
51860 24574
51880 24561
51900 24539
51920 24537
51940 24534
51960 24546
51980 24541
52000 24545
52020 24531
52040 24540
52060 24539
52080 24543
52100 24547
52120 24552
52140 24552
52160 24557
52180 24559
52200 24561
52220 24570
52240 24575
52260 24575
52280 27913
52300 27925
52320 27931
52340 27937
52360 27941
52380 27949
52400 27961
52420 27963
52440 27965
52460 27961
52480 27975
52500 27968
52520 27969
52540 27977
52560 27981
52580 27980
52600 27993
52620 28001
52640 28006
52660 27994
52680 27960
52700 27935
52720 27909
52740 24564
52760 24552
52780 24548
52800 24540
52820 24542
52840 24540
52860 24525
52880 24530
52900 24540
52920 24547
52940 24545
52960 24549
52980 24550
53000 24556
53020 24555
53040 24554
53060 24565
53080 24558
53100 24570
53120 24575
53140 27905
53160 27914
53180 27921
53200 27933
53220 27938
53240 27943
53260 27952
53280 27955
53300 27955
53320 27950
53340 27954
53360 27946
53380 27962
53400 27964
53420 27973
53440 27975
53460 27974
53480 27976
53500 27979
53520 27971
53540 27954
53560 27929
53580 24575
53600 24547
53620 24525
53640 24512
53660 24508
53680 24502
53700 24502
53720 24498
53740 24484
53760 24491
53780 24484
53800 24481
53820 24483
53840 24473
53860 24465
53880 24483
53900 24497
53920 24508
53940 24512
53960 24512
53980 24510
54000 24522
54020 24537
54040 24559
54060 24567
54080 24568
54100 24562
54120 24568
54140 27904
54160 27921
54180 27931
54200 27930
54220 27926
54240 27926
54260 27928
54280 27937
54300 27940
54320 27949
54340 27937
54360 27914
54380 24565
54400 24524
54420 24491
54440 24456
54460 24429
54480 24418
54500 24418
54520 24421
54540 24414
54560 24412
54580 24398
54600 24397
54620 24379
54640 24375
54660 24345
54680 24536
54700 24483
54720 24463
54740 24461
54760 24456
54780 24456
54800 24467
54820 24470
54840 24486
54860 24489
54880 24495
54900 24511
54920 24520
54940 24523
54960 24535
54980 24542
55000 24539
55020 24546
55040 24554
55060 24551
55080 24559
55100 24570
55120 24325
55140 24330
55160 24336
55180 24334
55200 24343
55220 24327
55240 24560
55260 24535
55280 24505
55300 24483
55320 24462
55340 24456
55360 24437
55380 24447
55400 24444
55420 24430
55440 24437
55460 24443
55480 24433
55500 24442
55520 24444
55540 24449
55560 24449
55580 24455
55600 24456
55620 24461
55640 24467
55660 24471
55680 24472
55700 24469
55720 24480
55740 24488
55760 24503
55780 24508
55800 24522
55820 24532
55840 24539
55860 24537
55880 24546
55900 24547
55920 24557
55940 24549
55960 24548
55980 24555
56000 24569
56020 24333
56040 24325
56060 24327
56080 24548
56100 24522
56120 24492
56140 24473
56160 24457
56180 24441
56200 24426
56220 24423
56240 24423
56260 24420
56280 24421
56300 24418
56320 24415
56340 24414
56360 24401
56380 24383
56400 24335
56420 24033
56440 24017
56460 24010
56480 23983
56500 23960
56520 23968
56540 23969
56560 23948
56580 23915
56600 23892
56620 23883
56640 23886
56660 23890
56680 23901
56700 23953
56720 23988
56740 24036
56760 24331
56780 24424
56800 24498
56820 24371
56840 24457
56860 24546
56880 28004
56900 28116
56920 27951
56940 28017
56960 28049
56980 28070
57000 28089
57020 28107
57040 28134
57060 28148
57080 28132
57100 28082
57120 28023
57140 27949
57160 28136
57180 28134
57200 28128
57220 28096
57240 28040
57260 27986
57280 24574
57300 24474
57320 24345
57340 24537
57360 24472
57380 24426
57400 24400
57420 24438
57440 24446
57460 24377
57480 24010
57500 23896
57520 23852
57540 23858
57560 23849
57580 23809
57600 24033
57620 24034
57640 24015
57660 23956
57680 23861
57700 23847
57720 23867
57740 23892
57760 23907
57780 23911
57800 23888
57820 23826
57840 24488
57860 24379
57880 24527
57900 24456
57920 24377
57940 24042
57960 23966
57980 23872
58000 24039
58020 23914
58040 23863
58060 24572
58080 24535
58100 24514
58120 24519
58140 24476
58160 24448
58180 24476
58200 24524
58220 24554
58240 24553
58260 23827
58280 23903
58300 23999
58320 23838
58340 23957
58360 24361
58380 24560
58400 24476
58420 23830
58440 23929
58460 23964
58480 24012
58500 24059
58520 23814
58540 24046
58560 24036
58580 24041
58600 24035
58620 24041
58640 24042
58660 23999
58680 23902
58700 24570
58720 24515
58740 24514
58760 24518
58780 24517
58800 24524
58820 24540
58840 24540
58860 24547
58880 24561
58900 24565
58920 23809
58940 23810
58960 23812
58980 23812
59000 23812
59020 23834
59040 23837
59060 23833
59080 23841
59100 23850
59120 23843
59140 23839
59160 23822
59180 24575
59200 24553
59220 24537
59240 24529
59260 24523
59280 24530
59300 24541
59320 24551
59340 24545
59360 24564
59380 23823
59400 23850
59420 23875
59440 23879
59460 23901
59480 23906
59500 23877
59520 23853
59540 23834
59560 24572
59580 24555
59600 24551
59620 24551
59640 24532
59660 24527
59680 24529
59700 24528
59720 24541
59740 24546
59760 24545
59780 24554
59800 24556
59820 24552
59840 24543
59860 24547
59880 24548
59900 24542
59920 24555
59940 24566
59960 24566
59980 24556
60000 24559
60020 24569
60040 24568
60060 24556
60080 24556
60100 24562
60120 24573
60140 24573
60160 24572
60180 23817
60200 23827
60220 23832
60240 23845
60260 23867
60280 23877
60300 23886
60320 23896
60340 23894
60360 23893
60380 23880
60400 23840
60420 23814
60440 24565
60460 24554
60480 24549
60500 24544
60520 24528
60540 24518
60560 24509
60580 24512
60600 24515
60620 24533
60640 24541
60660 24549
60680 24549
60700 24546
60720 24550
60740 24563
60760 23815
60780 23824
60800 23819
60820 23825
60840 23824
60860 23842
60880 23852
60900 23862
60920 23869
60940 23865
60960 23867
60980 23874
61000 23883
61020 23881
61040 23875
61060 23875
61080 23870
61100 23873
61120 23883
61140 23879
61160 23881
61180 23888
61200 23891
61220 23891
61240 23871
61260 23816
61280 24538
61300 24507
61320 24494
61340 24491
61360 24484
61380 24485
61400 24489
61420 24500
61440 24502
61460 24511
61480 24522
61500 24548
61520 24571
61540 23813
61560 23812
61580 23830
61600 23853
61620 23879
61640 23882
61660 23885
61680 23890
61700 23908
61720 23900
61740 23889
61760 23881
61780 23886
61800 23884
61820 23889
61840 23908
61860 23912
61880 23913
61900 23915
61920 23909
61940 23916
61960 23918
61980 23924
62000 23930
62020 23947
62040 23956
62060 23963
62080 23961
62100 23953
62120 23917
62140 23895
62160 23869
62180 23858
62200 23852
62220 23852
62240 23849
62260 23839
62280 23837
62300 23837
62320 23849
62340 23865
62360 23872
62380 23866
62400 23866
62420 23863
62440 23872
62460 23880
62480 23891
62500 23902
62520 23900
62540 23907
62560 23908
62580 23916
62600 23921
62620 23931
62640 23937
62660 23937
62680 23951
62700 23954
62720 23978
62740 23979
62760 23979
62780 23980
62800 23987
62820 23995
62840 24006
62860 24022
62880 24041
62900 23812
62920 23827
62940 23842
62960 23838
62980 23837
63000 23819
63020 24055
63040 24024
63060 24012
63080 24006
63100 24003
63120 23993
63140 23997
63160 23993
63180 23980
63200 23978
63220 23984
63240 23997
63260 24002
63280 23998
63300 23991
