10669
11175
11086
11263
11525
12117
14596
12091
12228
15313
15847
19805
24343
23831
23861
28545
27915
28483
28082
27924
27997
28058
28070
27985
28043
28153
28529
28564
28503
28142
27990
27932
27913
27997
28657
27970
28506
28063
27914
28043
24391
23988
23904
24515
23819
23919
23826
23864
23864
23847
23817
24031
24022
24057
23819
23828
23873
23889
23867
23836
24028
23948
23913
23850
24539
24501
24476
24479
24483
24517
24575
23882
24526
24399
24520
24405
24415
24531
24521
23906
24045
23872
23934
24057
24385
24335
23947
23855
24057
24041
24001
23928
23967
23855
24023
24522
24462
27966
28109
27947
27941
27930
27924
27909
28153
28155
27905
27924
27934
27915
28151
28145
28141
28136
28137
28121
28101
28061
28018
27996
28002
28010
28018
28039
28053
28047
28050
28038
28037
28046
28050
28074
28097
28095
28082
28077
28077
28085
28089
28095
28096
28102
28111
28124
28131
28138
28154
27924
27945
27965
27984
27997
28008
28018
27987
27969
27948
27930
27917
27921
27917
27916
27913
28158
27909
27905
27906
28159
28145
28142
28148
28142
28155
28153
27905
27910
27915
27910
27939
27949
27965
27977
27979
27986
27991
28002
28004
28010
27998
28002
28018
28039
28066
28074
28075
28053
28026
27993
27949
27929
27926
27922
27930
27940
27932
27930
27924
27917
27922
27940
27979
27991
27998
28005
27999
27990
27977
27965
27957
27945
27946
27953
27962
27963
27963
27953
27938
27931
27941
27951
27968
27963
27949
27935
27930
27916
27904
28131
28102
28086
28083
28079
28065
28053
28037
28025
28024
28030
28029
28032
28023
28020
28017
28023
28041
28051
28061
28060
28052
28060
28055
28068
28073
28082
28092
28106
28113
28116
28125
28131
28128
28136
28127
28123
28125
28110
28095
28052
28035
28011
27993
27991
27982
27979
27964
27961
27964
27968
27983
27979
27974
27969
27968
27980
27988
27995
28006
28017
28034
28039
28074
28096
28113
28134
28143
28144
28148
28150
27909
27922
27930
27933
27936
27937
27944
27940
27935
27908
28134
28104
28079
28060
28049
28044
28052
28053
28041
28040
28049
28064
28073
28066
28067
28069
28079
28077
28075
28065
28070
28071
28090
28094
28106
28110
28110
28115
28111
28115
28122
28137
28137
28139
28141
28151
27905
27914
27926
27921
27904
28131
28095
28060
28032
28018
28005
28004
28003
28003
28002
28009
28018
28018
28025
28021
28023
28022
28024
28026
28020
28020
28014
28010
28028
28031
28042
28045
28053
28058
28066
28069
28081
28088
28098
28110
28122
28127
28128
28128
28144
28141
28136
28098
28069
28034
28013
27995
27988
27991
27990
27987
27982
27982
27982
27983
27980
27984
27976
27974
27985
27992
27997
27995
27996
28010
28014
28024
28037
28047
28049
28059
28072
28083
28099
28118
28121
28133
28131
28128
28133
28138
28144
28149
28149
28125
28089
28057
28041
28024
28022
28015
28014
28017
28028
28048
28050
28045
28044
28040
28044
28062
28084
28103
28109
28115
28122
28121
28127
28126
28144
28147
27916
27927
27931
27940
27949
27966
27973
27982
27987
27995
28008
28031
28052
28075
28094
28073
28046
28011
27985
27981
27981
27997
28009
28022
28012
28013
28014
28016
28026
28024
28020
28008
28009
28012
28023
28030
28031
28032
28036
28046
28054
28060
28070
28075
28081
28088
28100
28118
28128
28124
28133
28134
28142
28153
28425
28437
28433
28156
28126
28090
28068
28058
28046
28044
28041
28046
28036
28044
28055
28063
28056
28061
28066
28074
28083
28092
28097
28106
28100
28109
28116
28112
28123
28127
28133
28148
28420
28424
28427
28434
28437
28441
28455
28460
28469
28479
28489
28504
28514
28511
28499
28467
28442
28149
28130
28132
28121
28146
28157
28156
28155
28157
28418
28421
28422
28426
28432
28435
28433
28430
28421
28421
28428
28442
28459
28469
28466
28460
28467
28473
28486
28493
28512
28524
28522
28525
28535
28550
28556
28570
28575
28584
28591
28592
28582
28568
28542
28515
28508
28511
28509
28503
28502
28500
28496
28494
28505
28516
28512
28508
28511
28519
28513
28509
28518
28513
28520
28519
28523
28528
28541
28550
28557
28558
28575
28576
28596
28603
28611
28611
28602
28614
28642
28658
28667
28418
28416
28649
28631
28612
28610
28608
28598
28595
28589
28574
28573
28594
28602
28605
28599
28598
28590
28600
28594
28595
28618
28622
28619
28624
28626
28626
28632
28635
28633
28634
28639
28647
28652
28658
28659
28668
28664
28661
28648
28657
28416
28433
28440
28428
28653
28623
28605
28596
28596
28601
28605
28602
28590
28592
28601
28608
28608
28602
28601
28604
28603
28610
28608
28611
28614
28617
28621
28623
28627
28630
28648
28654
28655
28662
28666
28671
28425
28430
28428
28441
28446
28460
28463
28461
28467
28477
28462
28438
28668
28651
28636
28637
28635
28638
28633
28630
28629
28634
28645
28637
28639
28633
28637
28644
28650
28653
28658
28657
28664
28663
28419
28421
28424
28433
28433
28443
28447
28448
28452
28448
28453
28452
28452
28468
28476
28485
28492
28493
28487
28483
28464
28447
28422
28664
28648
28659
28657
28661
28663
28667
28416
28419
28668
28419
28668
28424
28430
28431
28435
28430
28425
28428
28439
28448
28458
28469
28475
28479
28479
28483
28497
28503
28513
28511
28518
28519
28523
28525
28531
28535
28539
28540
28545
28528
28508
28497
28486
28485
28469
28462
28459
28458
28465
28468
28473
28467
28466
28469
28463
28466
28467
28467
28482
28482
28477
28485
28488
28489
28505
28518
28534
28548
28551
28556
28558
28571
28580
28595
28592
28601
28609
28614
28629
28634
28640
28642
28622
28594
28570
28556
28560
28562
28565
28569
28561
28557
28552
28559
28570
28571
28569
28566
28572
28570
28575
28584
28602
28605
28604
28606
28622
28622
28626
28623
28622
28638
28641
28659
28671
28668
28671
28666
27905
27906
27919
27929
27935
27940
27931
27906
28650
28631
28630
28630
28631
28620
28623
28620
28612
28619
28628
28634
28629
28622
28615
28613
28618
28621
28626
28628
28622
28628
28640
28646
28649
28647
28650
28653
28657
28668
27905
27910
28668
28658
28662
28669
27916
27923
27938
27941
27935
27926
27912
28663
28647
28636
28629
28631
28625
28614
28606
28610
28612
28621
28626
28621
28609
28613
28602
28605
28610
28610
28609
28608
28622
28627
28634
28646
28643
28642
28644
28649
28652
28658
28659
28665
28667
28667
27904
27915
27921
27923
27920
27910
28665
28626
28562
28485
28646
28517
28470
28464
28497
28544
28618
28429
28473
28479
28477
28445
28417
28665
28666
28417
28667
28654
28641
28632
28621
28639
28649
28670
28418
28426
28421
28416
28664
28652
28652
28657
28417
28431
28450
28464
28486
28526
28582
28633
28658
28666
28670
28641
28617
28584
28557
28529
28522
28550
28597
28655
27930
27930
27924
27911
28662
28648
28640
28629
28618
28618
28622
28613
28611
28607
28616
28607
28616
28657
27936
28010
28084
28124
28132
28128
28125
28131
28132
28133
28126
28139
28157
27921
27928
27928
27933
27926
27909
28153
28154
28143
28131
28119
28117
28089
28089
28063
28041
28028
28009
27992
27972
27974
28001
28007
28017
28031
28051
28078
28097
28119
28153
27916
27940
27944
27946
27960
27986
28012
28034
28074
28101
28127
28136
28122
28106
28065
28036
28019
28007
27999
27984
27966
27956
27954
27952
27961
27958
27951
27940
27930
27917
27911
28153
28138
28124
28100
28075
28077
28075
28089
28095
28102
28104
28113
28116
28111
28118
28120
28126
28130
28149
27904
27918
27915
28149
28118
28096
28077
28066
28067
28061
28061
28057
28058
28058
28060
28078
28078
28086
28088
28084
28084
28094
28091
28097
28096
28097
28095
28096
28103
28108
28120
28122
28122
28116
28122
28136
28144
28140
28139
28142
28144
28156
27906
28154
28138
28109
28091
28061
28055
28046
28041
28033
28013
27999
27992
27998
27981
27988
27988
27985
27978
27983
27983
27985
27986
27981
27979
27990
27998
28002
28001
28020
28014
28013
28023
28023
28026
28027
28019
28021
28023
28025
28034
28048
28030
28018
27990
27965
27949
27941
27929
27927
27928
27925
27917
27917
27921
27926
27923
27921
27917
27917
27923
27930
27928
27928
27919
27922
27926
27933
27937
27939
27947
27952
27963
27975
27975
27976
27975
27974
27983
27984
27987
27993
27999
27996
27988
27960
27933
28667
28641
28616
28621
28619
28614
28613
28611
28605
28615
28613
28625
28625
28625
28624
28622
28618
28619
28622
28633
28630
28638
28633
28642
28645
28659
28657
28648
28663
28668
28671
27907
28670
28668
28668
27906
27907
27914
27919
27910
28665
28643
28626
28612
28606
28592
28579
28582
28568
28573
28588
28587
28589
28584
28577
28572
28579
28582
28582
28594
28601
28607
28603
28604
28602
28608
28612
28626
28628
28637
28643
28652
28651
28660
27904
27916
27916
27916
27922
27920
27917
27922
27916
28668
28640
28625
28608
28597
28598
28593
28595
28588
28584
28588
28594
28597
28603
28605
28604
28601
28603
28598
28600
28608
28611
28616
28623
28625
28627
28637
28638
28639
28636
28642
28646
28646
28649
28653
28653
28655
28647
28652
28651
28650
28649
28624
28595
28565
28553
28536
28519
28508
28502
28491
28494
28494
28503
28511
28497
28495
28495
28503
28508
28507
28514
28512
28521
28527
28543
28548
28543
28537
28539
28547
28555
28561
28570
28570
28568
28574
28567
28564
28579
28594
28596
28604
28603
28601
28579
28559
28532
28515
28508
28501
28491
28477
28465
28463
28467
28467
28474
28484
28479
28472
28474
28473
28463
28453
28466
28472
28475
28482
28487
28491
28495
28506
28512
28515
28519
28517
28522
28524
28531
28540
28548
28543
28545
28554
28561
28567
28570
28561
28548
28520
28500
28481
28473
28471
28463
28460
28457
28464
28472
28484
28490
28497
28494
28503
28499
28508
28516
28530
28534
28542
28549
28555
28559
28576
28576
28576
28589
28599
28607
28608
28617
28619
28610
28614
28625
28630
28640
28646
28649
28640
28619
28598
28585
28564
28550
28548
28539
28534
28534
28536
28539
28542
28549
28545
28552
28552
28556
28563
28567
28567
28572
28588
28581
28594
28598
28597
28597
28600
28599
28600
28605
28605
28607
28605
28598
28599
28601
28602
28610
28609
28604
28595
28572
28553
28526
28506
28499
28477
28471
28469
28465
28455
28463
28461
28461
28456
28460
28451
28452
28461
28467
28466
28470
28466
28475
28478
28484
28488
28488
28494
28490
28496
28499
28503
28511
28515
28515
28521
28509
28508
28508
28511
28516
28503
28478
28436
28664
28630
28617
28619
28612
28589
28577
28567
28568
28568
28576
28571
28566
28560
28557
28562
28566
28562
28562
28566
28568
28577
28579
28588
28584
28593
28594
28589
28605
28609
28607
28605
28605
28602
28610
28612
28615
28628
28617
28604
28564
28524
28486
28480
28478
28478
28475
28460
28444
28438
28455
28459
28463
28459
28459
28453
28461
28460
28467
28464
28466
28467
28468
28472
28477
28484
28480
28472
28472
28480
28481
28489
28494
28495
28483
28481
28480
28476
28480
28489
28494
28486
28444
28421
28126
28098
28101
28102
28109
28106
28109
28115
28109
28124
28123
28128
28134
28133
28132
28144
28153
28155
28416
28431
28435
28436
28442
28456
28456
28459
28464
28466
28472
28473
28491
28493
28501
28506
28509
28517
28521
28533
28535
28534
28515
28492
28459
28439
28424
28149
28145
28139
28126
28131
28132
28145
28152
28158
28153
28147
28148
28424
28435
28442
28442
28442
28445
28444
28459
28462
28470
28481
28477
28485
28484
28498
28509
28505
28505
28509
28501
28514
28520
28530
28542
28546
28544
28550
28533
28506
28482
28460
28447
28445
28437
28423
28416
28157
28419
28433
28437
28438
28437
28438
28451
28450
28468
28476
28477
28474
28482
28491
28492
28500
28508
28507
28500
28513
28519
28529
28541
28549
28549
28552
28548
28563
28573
28577
28585
28586
28588
28602
28611
28603
28591
28559
28541
28519
28509
28512
28508
28505
28503
28498
28515
28516
28515
28518
28523
28527
28529
28528
28542
28546
28550
28549
28559
28568
28579
28603
28615
28611
28614
28620
28619
28622
28619
28623
28632
28641
28646
28645
28647
28648
28643
28649
28651
28661
28663
28645
28615
28594
28582
28573
28570
28569
28581
28588
28587
28584
28591
28585
28585
28585
28592
28598
28596
28595
28596
28596
28601
28606
28614
28617
28621
28619
28634
28644
28665
28662
28418
28430
28440
28445
28451
28462
28459
28456
28459
28474
28486
28490
28484
28461
28442
28423
28662
28648
28635
28626
28618
28624
28621
28622
28631
28634
28635
28640
28640
28644
28651
28660
28657
28661
28653
28659
28416
28421
28432
28438
28449
28451
28452
28451
28449
28460
28468
28477
28484
28487
28483
28483
28488
28503
28519
28533
28533
28529
28499
28475
28466
28450
28442
28431
28419
28669
28667
28665
28670
28423
28430
28429
28427
28434
28437
28444
28456
28456
28454
28449
28449
28460
28467
28475
28472
28474
28486
28488
28492
28499
28497
28503
28500
28503
28496
28500
28510
28509
28518
28525
28530
28538
28529
28517
28501
28468
28453
28441
28433
28425
28671
28425
28420
28423
28421
28427
28422
28421
28416
28416
28417
28417
28420
28671
28419
28424
28428
28440
28444
28443
28437
28446
28455
28464
28464
28477
28461
28461
28471
28483
28496
28509
28519
28511
28497
28509
28487
28456
28430
28665
28656
28647
28640
28639
28617
28603
28588
28592
28588
28595
28586
28591
28593
28593
28597
28595
28596
28597
28605
28611
28627
28614
28618
28602
28602
28603
28615
28623
28616
28607
28600
28607
28598
28598
28606
28611
28600
28581
28560
28531
28497
28477
28453
28429
28150
28149
28139
28140
28135
28139
28145
28140
28144
28143
28134
28137
28148
28151
28156
28153
28157
28152
28159
28157
28422
28421
28416
28158
28151
28153
28157
28153
28420
28418
28423
28422
28427
28426
28428
28431
28419
28134
28098
28062
28033
28020
28003
27999
27991
27971
27960
27965
27975
27980
27968
27970
27961
27967
27970
27979
27977
27968
27958
27971
27976
27981
27987
27990
27993
27995
27999
28006
28007
28004
28005
28003
28008
28006
28001
27984
27993
27981
27981
27961
27924
28142
28109
28098
28071
28051
28043
28042
28035
28027
28026
28033
28037
28036
28029
28017
28020
28019
28016
28015
28004
28013
28003
27983
27976
27982
27985
27986
27981
27978
27972
27974
27978
27971
27956
27946
27945
27946
27952
27966
27969
27966
27939
27909
24558
24544
24535
24536
24547
24555
24554
24568
27912
27928
27939
27955
27957
27968
27970
27979
27991
28008
28022
28032
28035
28038
28042
28045
28053
28053
28060
28066
28074
28085
28091
28095
28098
28103
28111
28124
28128
28140
28151
28155
28144
28114
28075
28049
28036
28039
28045
28034
28034
28024
28017
28036
28046
28054
28061
28062
28053
28055
28055
28053
28073
28069
28066
28057
28056
28070
28083
28087
28090
28072
28075
28075
28081
28093
28099
28091
28098
28093
28096
28110
28126
28137
28135
28121
28089
28062
28038
28015
28002
27997
27988
27985
27986
27987
27991
27990
27993
27988
27983
27984
27985
27986
27995
27982
27978
27975
27974
27984
27990
27995
27996
27999
28004
28017
28021
28020
28032
28027
28033
28030
28033
28030
28043
28047
28053
28042
28047
28035
28015
27990
27949
27926
27905
24571
24558
24554
24554
24550
24541
24548
24549
24543
24545
24541
24543
24538
24533
24536
24536
24542
24529
24535
24540
24545
24547
24548
24546
24539
24541
24542
24543
24548
24549
24545
24534
24533
24537
24554
24566
24574
27911
24572
24533
24497
24464
24451
24452
24444
24442
24439
24436
24424
24427
24440
24437
24440
24441
24442
24444
24454
24470
24471
24474
24476
24473
24484
24496
24509
24515
24515
24519
24520
24531
24538
24548
24556
24563
24559
24560
27904
27907
27920
27924
27923
27912
24574
24548
24526
24497
24481
24469
24459
24451
24439
24440
24433
24435
24451
24454
24451
24450
24464
24466
24477
24479
24485
24491
24493
24503
24517
24529
24545
24555
24575
27923
27951
27974
28004
28027
28054
28065
28080
28093
28103
28111
28127
28144
28153
27908
28156
28136
28102
28069
28032
28016
28008
28003
28007
28005
27998
27989
27992
27995
28010
28007
28010
28012
28013
28018
28027
28028
28029
28028
28031
28030
28034
28041
28041
28039
28040
28035
28028
28039
28048
28066
28071
28071
28065
28063
28061
28061
28068
28080
28071
28043
28006
27982
27961
27942
27943
27940
27934
27926
27923
27933
27935
27931
27923
27925
27930
27922
27930
27927
27930
27925
27925
27932
27942
27944
27943
27941
27939
27939
27943
27960
27965
27965
27966
27967
27956
27961
27974
27976
27987
27989
27996
27988
27963
27938
24574
24561
24539
24537
24534
24546
24541
24545
24531
24540
24539
24543
24547
24552
24552
24557
24559
24561
24570
24575
24575
27913
27925
27931
27937
27941
27949
27961
27963
27965
27961
27975
27968
27969
27977
27981
27980
27993
28001
28006
27994
27960
27935
27909
24564
24552
24548
24540
24542
24540
24525
24530
24540
24547
24545
24549
24550
24556
24555
24554
24565
24558
24570
24575
27905
27914
27921
27933
27938
27943
27952
27955
27955
27950
27954
27946
27962
27964
27973
27975
27974
27976
27979
27971
27954
27929
24575
24547
24525
24512
24508
24502
24502
24498
24484
24491
24484
24481
24483
24473
24465
24483
24497
24508
24512
24512
24510
24522
24537
24559
24567
24568
24562
24568
27904
27921
27931
27930
27926
27926
27928
27937
27940
27949
27937
27914
24565
24524
24491
24456
24429
24418
24418
24421
24414
24412
24398
24397
24379
24375
24345
24536
24483
24463
24461
24456
24456
24467
24470
24486
24489
24495
24511
24520
24523
24535
24542
24539
24546
24554
24551
24559
24570
24325
24330
24336
24334
24343
24327
24560
24535
24505
24483
24462
24456
24437
24447
24444
24430
24437
24443
24433
24442
24444
24449
24449
24455
24456
24461
24467
24471
24472
24469
24480
24488
24503
24508
24522
24532
24539
24537
24546
24547
24557
24549
24548
24555
24569
24333
24325
24327
24548
24522
24492
24473
24457
24441
24426
24423
24423
24420
24421
24418
24415
24414
24401
24383
24335
24033
24017
24010
23983
23960
23968
23969
23948
23915
23892
23883
23886
23890
23901
23953
23988
24036
24331
24424
24498
24371
24457
24546
28004
28116
27951
28017
28049
28070
28089
28107
28134
28148
28132
28082
28023
27949
28136
28134
28128
28096
28040
27986
24574
24474
24345
24537
24472
24426
24400
24438
24446
24377
24010
23896
23852
23858
23849
23809
24033
24034
24015
23956
23861
23847
23867
23892
23907
23911
23888
23826
24488
24379
24527
24456
24377
24042
23966
23872
24039
23914
23863
24572
24535
24514
24519
24476
24448
24476
24524
24554
24553
23827
23903
23999
23838
23957
24361
24560
24476
23830
23929
23964
24012
24059
23814
24046
24036
24041
24035
24041
24042
23999
23902
24570
24515
24514
24518
24517
24524
24540
24540
24547
24561
24565
23809
23810
23812
23812
23812
23834
23837
23833
23841
23850
23843
23839
23822
24575
24553
24537
24529
24523
24530
24541
24551
24545
24564
23823
23850
23875
23879
23901
23906
23877
23853
23834
24572
24555
24551
24551
24532
24527
24529
24528
24541
24546
24545
24554
24556
24552
24543
24547
24548
24542
24555
24566
24566
24556
24559
24569
24568
24556
24556
24562
24573
24573
24572
23817
23827
23832
23845
23867
23877
23886
23896
23894
23893
23880
23840
23814
24565
24554
24549
24544
24528
24518
24509
24512
24515
24533
24541
24549
24549
24546
24550
24563
23815
23824
23819
23825
23824
23842
23852
23862
23869
23865
23867
23874
23883
23881
23875
23875
23870
23873
23883
23879
23881
23888
23891
23891
23871
23816
24538
24507
24494
24491
24484
24485
24489
24500
24502
24511
24522
24548
24571
23813
23812
23830
23853
23879
23882
23885
23890
23908
23900
23889
23881
23886
23884
23889
23908
23912
23913
23915
23909
23916
23918
23924
23930
23947
23956
23963
23961
23953
23917
23895
23869
23858
23852
23852
23849
23839
23837
23837
23849
23865
23872
23866
23866
23863
23872
23880
23891
23902
23900
23907
23908
23916
23921
23931
23937
23937
23951
23954
23978
23979
23979
23980
23987
23995
24006
24022
24041
23812
23827
23842
23838
23837
23819
24055
24024
24012
24006
24003
23993
23997
23993
23980
23978
23984
23997
24002
23998
23991
